OTU	NTC	NTC	NTC	NTC	NTC	NTC	P2	D26	P27	P6	D6	V6	S6	V4	P9	S22	D2	P30A	V9	S13	S30A	D9	D13	V13	V23	V17	V16	D16	S17	P22	P17	D17	S9	P10	D22	S4	P5	P23	D23	V2	V2_3	S2_2	D24	V24	V5	S24	P26	S31	S27	S2	V27	S26	V10	V2_2	V30B	V78	V30A	P16	D30B	S10	D30A	S78	D31	P13	D4	D5	P76	D76	V76	S30B	P31	D78	S76	P78	P4	P2_2	P2_3	D2_2	D27	S23	P24	S2_3	V31	P30B	V26	V22	D10	S16	D2_3	S5
OTU1	0	4	115	1	15	6	70891	0	19781	22770	2403	7622	12901	3	2	27268	40	1	8	47913	4	11	32670	3028	1	18	516	7103	0	24541	43740	107	6	30300	11485	1248	12476	33971	6	7	7	464	3	5	9	17134	61793	34212	14429	326	24088	13402	6	17	17	6	5	35107	46389	2187	2	2	344	22446	6	26	65629	24	192	26003	0	4	6	53	8036	64737	74656	27	41541	13329	144	679	7636	10329	4339	0	50032	3834	5	1208
OTU2	31	15	45	154	1	7	46	25	0	0	1	59092	5	45153	5	7	9	0	124772	14	10	20	8	29933	82215	2524	33283	3	8	0	1	0	2575	89	1	0	0	10	69	6218	8255	657	0	20675	82400	37	2	976	49078	621	57756	57	41858	9999	77944	54990	46224	4	9	1	0	4606	0	5	6	99	2	6	46795	0	0	1	595	1	152	0	5	0	1	9	1	701	18949	0	68594	72253	5357	83	0	0
OTU3	2	0	6	0	2	3	64	33651	0	4	3460	7	10702	10	3	569	8625	68	37	9312	454	424	17296	0	26	2	6	6338	9	1	8	1	459	24	133	10841	0	12	46003	24	30	9325	416	4	5	9332	15	25093	50	7065	208	1391	15	35	1	25	1	10	4990	2965	2800	3824	659	2	30180	41112	4	29819	22	10389	52	855	2107	8	372	62	52	9205	27788	7812	6	9999	8	0	0	0	2668	34216	6787	530
OTU4	3	0	28	0	0	17	26	0	4	4	630	449	4183	0	0	38037	77	9	10	19380	69685	3	4	11	39	27	6	4	36	6	0	16	122	0	12	3	4	326	2	663	417	50739	3	0	8	48006	16	96	372	37100	2104	13959	4	437	27	1	63	9	19	0	0	1	2	44	9	3	12	4	60	44820	2	6	16177	13	0	29	44	135	4	8	13	53242	4	0	32	27	1	11	122	1
OTU5	123	0	4	0	4	0	2	0	9233	17367	6863	1870	1648	2830	7911	927	12112	5	1	43	0	1	51	3	1	5	5857	23768	7	67993	1968	0	4	17903	13504	499	19912	0	0	153	72	79	0	221	1137	90	6	2184	2	49	2	15	0	117	459	0	0	36989	31	10186	0	3	240	7	124	11897	0	0	19112	138	33982	2	4746	6040	14801	1	0	14194	0	1791	0	107	2	9	865	0	757	25	10398	9974
OTU6	0	2	4	0	1	0	375	64	82	52	18	54	88	425	1766	70	1351	3575	1561	424	1891	464	481	38	75	90	63	11	197	19	138	37	214	292	36	926	34	636	271	34186	34624	142	7319	1833	178	51	23	166	71	136	184	43	389	38697	336	121	107	215	795	450	5702	250	163	323	1700	13913	21	2855	102	251	31	3602	100	423	2113	402	375	1519	330	765	295	197	279	32	156	421	970	84	1036	1167
OTU7	0	565	5	1	2	0	1522	2011	4718	57	49	941	1351	243	751	277	3584	22	1923	2147	508	2826	3188	18	342	888	0	277	4038	33	7789	168	4332	497	20	7059	243	5676	2335	634	563	4625	1039	1	416	920	3434	1250	1153	7043	2682	4874	1769	590	22	66	143	617	30	1735	745	748	13943	469	118	497	62	63	6	1835	89	4996	64	610	302	1867	1312	3146	809	9821	6506	3768	50	100	41	1	6909	1065	4224	1163
OTU8	0	1	1	0	0	0	0	0	8195	0	2	1	2	0	540	3	0	0	48	22	0	134	0	0	0	1	138	2	0	2	0	0	105	0	1	0	27644	4	442	1	1	0	0	0	46	3	7479	161	1	0	0	16	2	0	2	0	0	0	13	0	0	0	5	0	0	1	0	3	0	1054	1	0	1	1	0	0	1	0	1	1590	0	1	1	42962	8	0	0	22	0	11
OTU9	0	0	15	0	0	0	0	1344	0	1	0	0	0	7	0	0	13223	0	0	0	313	0	0	0	0	0	0	0	4	0	0	0	84	0	0	43	0	0	0	0	0	2289	0	0	1	0	3	44	20	1724	85	136	0	2	119	0	15633	0	0	0	0	1	18195	0	3842	689	0	25	0	73	0	0	0	1	0	0	0	14629	0	0	0	2692	712	0	0	0	0	0	13117	1907
OTU10	0	0	0	0	0	0	0	2391	0	0	0	0	1852	0	0	0	0	0	0	4	0	4978	26	0	0	0	1	2	0	0	0	0	3187	0	0	0	0	0	30055	0	0	0	0	0	0	0	0	16480	0	1	0	10	0	0	0	0	0	2	1	11077	0	0	103	0	0	44	0	3970	3	0	0	0	3	0	0	0	0	0	1	11	0	0	0	0	0	0	465	681	0	0
OTU11	1	0	2	0	1	1	18	1918	3	11	280	413	634	140	14	208	4282	5	37	1286	338	691	346	2	17	18	1	83	5204	29	89	16131	1117	8	43	574	2	39	693	731	405	2063	1161	70	10	934	58	262	60	1479	289	1857	220	453	10	40	1	90	3556	956	1225	1773	4157	10	21	2640	27	66	6	346	36	2794	2892	51	2	17	25	4716	3	1521	0	2779	14	3	29	0	2098	801	3073	975
OTU12	0	1	0	0	0	0	0	0	4102	0	0	1	1	0	35	3	2	0	2285	1	0	3411	0	0	0	2	0	0	1	0	0	0	61480	1	0	0	0	0	2	5	5	12	0	0	0	1	2	0	0	10	0	6	0	3	0	0	0	0	2	6	0	1	2	1	0	0	0	0	3	0	0	0	0	0	0	0	0	1	0	2	0	10	1	0	1	1	0	0	8	1
OTU13	0	0	0	0	0	0	1445	5165	43	42	1033	129	1183	119	38	110	2685	81	68	1782	1112	2355	11067	11	31	589	112	677	1163	269	332	371	981	734	111	336	53	1042	278	1245	950	611	1971	45	51	913	42	963	208	814	575	2958	411	1104	33	1000	93	89	6890	2707	3154	378	2290	215	67	764	995	1408	220	577	242	4068	923	304	421	1838	1352	2185	2681	561	788	621	37	25	159	526	2594	2056	3553	639
OTU14	0	0	0	0	0	0	1	1	0	0	44	1	0	0	0	5461	0	0	0	419	3194	0	0	0	0	0	4918	7	0	0	0	0	0	59	309	0	0	1	0	0	0	1	0	0	3	2	0	0	0	0	1	0	32	0	0	0	116	2738	3	2580	16410	0	0	1740	0	0	4	20348	0	0	0	0	3194	0	0	1	0	0	0	0	0	0	0	0	6	816	55	95	0	0
OTU15	0	0	0	0	0	0	0	0	0	0	0	0	0	0	0	1	0	0	0	0	0	0	0	0	0	1	0	0	6505	0	0	1085	0	0	0	0	0	0	0	0	0	0	0	0	0	0	0	0	0	0	0	2	0	0	0	0	0	0	0	0	0	0	0	0	0	0	0	0	0	0	0	0	0	0	0	0	0	3	0	0	49554	2	0	0	0	0	0	0	0	0
OTU16	0	0	3	0	0	0	358	0	22	78	13	308	687	184	20	335	9260	55	13	257	287	0	335	0	4	0	0	0	113	2	27	0	301	30	0	398	2	6	1	79	100	10785	0	0	35	0	76	10	40	8900	64	0	153	81	119	4	137	129	4	26	4	32	3	1	1	1	0	0	71	597	59	2116	167	332	4	373	356	7011	33	50	3	10168	0	17	0	31	1198	18	7177	655
OTU17	0	0	0	0	2	0	1	0	0	0	0	0	0	0	0	7	0	0	0	0	0	0	0	1	0	0	0	0	0	0	2	0	0	0	0	0	0	0	0	0	0	0	0	40300	0	5	0	9	0	0	0	0	2	1	0	0	0	3	3	8	0	5	0	3	1	10	2	0	0	1	0	0	0	0	0	2	0	0	0	0	0	0	2	1	0	0	0	0	0	0
OTU18	0	0	0	0	0	0	0	0	0	0	0	0	4	374	5466	0	11699	67	0	0	1	0	0	0	0	106	0	0	0	1	0	0	60	0	0	101	0	16	0	0	0	536	9539	0	0	150	0	0	1	383	4	45	33	0	2	0	0	0	0	13	0	34	0	0	3889	85	0	708	0	0	10	20	471	29	113	2	0	13502	0	33	0	631	0	83	0	993	13	8	10259	300
OTU19	0	0	0	0	0	0	1	0	0	0	2	10	2	15245	5662	0	1	0	1	0	0	0	0	0	3	37	0	0	0	1	0	0	0	0	0	65	0	0	0	1195	1008	1	0	0	0	0	0	0	0	3	0	0	0	1152	0	1462	0	0	0	44	0	6	1	0	0	47	0	0	0	1	0	0	0	6055	14008	1	0	12	0	105	0	1	691	0	0	0	0	0	6	8
OTU20	1	0	0	61	0	0	3572	0	124	861	43	16	0	39	3365	2	0	8519	42	1	5	0	0	0	0	0	0	35	1	2336	151	9	0	3064	0	0	1824	2029	0	10	1	1	6	1435	62	2	12	0	0	0	1	0	217	3	0	0	0	5208	0	0	0	1	0	1771	7432	9	1210	0	0	1	1242	0	0	446	3390	2868	4217	0	0	0	13	2	0	2371	0	12	1	0	0	0
OTU21	0	1	0	0	0	0	0	12	0	1	0	0	1	1704	1148	0	1	0	230	0	0	531	0	0	0	0	0	0	0	0	0	0	2877	0	0	3049	18	0	0	1	2	2	0	0	0	0	0	0	0	0	0	1	1114	0	0	28	0	0	0	6433	0	7698	0	0	2	154	0	0	0	0	0	1	2	1	1	0	0	1	0	0	0	0	0	0	0	0	0	0	0	7617
OTU22	0	0	0	0	0	2	273	60	122	98	19	188	123	197	80	114	266	678	123	179	376	129	114	15	84	317	1123	22	183	373	253	62	286	418	2	709	28	26	74	678	395	673	97	193	751	96	27	348	201	393	449	273	553	426	207	1216	313	229	176	660	181	149	590	382	23	194	50	343	1104	660	50	1624	499	1801	538	311	334	514	193	1880	39	798	2683	192	607	3620	339	66	277	1733
OTU23	0	0	4	0	0	0	260	0	0	44	2600	4	13	48	0	0	0	36	0	0	7	1	2	0	0	339	0	0	0	28	0	0	0	1	0	1	1	0	1	1746	1181	0	0	22	0	2	0	0	0	1	0	1	1645	1412	5749	55	1184	0	0	6	3259	0	6	0	0	2	714	0	203	0	0	2051	0	16434	9	342	310	1	0	1	0	0	2271	116	0	0	0	0	0	0
OTU24	0	0	0	0	0	0	0	0	0	0	0	0	0	0	0	0	0	0	0	0	0	0	1	0	0	0	0	0	0	0	0	0	0	0	0	0	0	0	0	0	0	0	29945	0	0	363	0	0	0	5	0	0	0	0	0	0	0	0	0	0	0	0	0	0	0	2	0	0	0	0	0	0	0	0	0	0	0	0	0	0	0	0	0	0	0	0	0	0	0	0
OTU25	0	0	0	0	0	0	0	0	0	0	0	0	0	0	0	0	0	0	0	0	0	0	0	0	0	0	0	0	0	0	0	35269	0	0	0	0	0	0	0	0	0	0	0	0	0	0	0	0	0	0	0	0	0	0	0	0	0	0	0	0	0	0	0	0	0	0	0	0	0	0	0	0	0	0	0	0	0	0	0	0	0	0	0	0	0	0	0	0	0	0
OTU26	2	0	0	0	0	3	0	21	0	1	8	0	111	14	4	44	17	0	4	4	8	55	3	0	69	0	0	2	340	0	0	118	998	0	0	885	1	0	32	5	3	228	138	0	0	1486	0	17	4	159	8	6	7	5	0	0	0	5	23	44	86	15081	0	0	825	612	14	8	0	257	0	0	6291	0	1	0	0	19	25	1334	1	287	0	0	0	0	0	722	12	4064
OTU27	85	0	273	0	0	0	734	6039	354	114	23	162	796	157	98	121	302	73	45	237	864	36	558	32	18	1889	230	44	524	741	68	50	80	201	137	620	6	15	912	388	324	642	91	110	52	113	535	170	88	787	94	916	220	379	1218	322	286	14	281	196	125	288	151	330	1	6	90	7	105	539	30	3556	471	1150	259	876	656	263	0	290	346	470	36	1052	113	385	125	128	390	39
OTU28	0	0	0	0	0	0	0	4298	0	0	239	0	3408	0	0	409	64	0	0	99	11	8	106	2	0	0	2	1071	99	0	0	2	14	1	36	267	0	1	1632	1	0	6	14	1	3	90	1	252	21	6	62	522	0	0	0	0	0	64	671	62	171	247	3	0	129	366	1	10534	0	462	0	45	2580	5	2	0	0	36	522	89	1	6	0	1	0	0	0	16849	43	60
OTU29	0	0	0	0	0	0	10	0	2	0	0	0	15	42	21750	895	1	19	20	272	20	1	1	0	0	0	0	1	1	8	0	1	219	0	18	24	3	1440	10	10	10	24	0	0	7	311	0	9	1	26	10	19	0	8	4	0	0	0	11	7	135	120	2	0	0	0	0	38	0	458	1	17	132	14	993	6	5	5	0	316	16	25	1	0	0	0	0	21	9	47
OTU30	0	1	0	88	0	0	0	0	0	0	233	16	0	4	1691	0	0	1611	383	0	5	0	1	2271	294	0	0	0	0	0	0	0	0	2	0	0	368	0	1	2	3	47	180	1	2920	0	0	0	0	43	0	7	0	2	558	4391	886	1661	0	1	3	0	0	8240	0	0	631	0	0	0	6	0	0	0	10	0	0	0	0	0	0	58	3997	1	0	0	0	0	0	0
OTU31	0	0	0	0	0	0	307	14	84	9	16	19	18	28	6	17	210	53	8	36	27	20	64	0	11	17	46	0	27	27	29	25	9	2	3	92	4	253	75	21036	14998	66	9	12	68	7	3	25	10	48	17	6	12	16175	18	25	4	0	4	17	133	12	50	52	29	479	11	18	17	70	2	36	52	109	122	279	300	213	2	100	29	99	72	20	102	355	39	19	143	25
OTU32	0	0	0	0	0	0	0	0	0	0	0	0	0	0	0	0	0	0	0	0	0	0	0	1	0	0	0	0	0	0	0	65	0	0	0	2	0	21628	0	0	0	0	0	0	0	1661	0	52	44	0	82	0	0	0	0	0	0	0	1	7	0	0	0	0	0	3	0	0	0	0	0	0	0	2	1	0	0	0	0	0	0	0	58	1	0	0	0	0	0	3332
OTU33	1	1	1	0	0	0	211	2269	18	19	61	14	213	545	24	309	540	1	60	53	107	383	491	0	0	0	6	37	1431	2	154	1577	609	21	16	1350	6	267	192	628	514	416	362	16	36	1078	62	88	54	493	131	975	83	488	6	59	0	57	1931	848	864	948	297	7	40	396	18	26	5	121	40	137	569	57	18	244	229	460	504	1991	3	476	1	2	0	2	336	274	679	908
OTU34	0	0	0	0	0	0	0	3	0	15	5	1	264	123	1	822	76	0	1	8	826	62	22	0	22	0	0	11	2782	0	7	2874	172	21	3	330	0	9	45	6	7	240	46	1	2	538	0	93	11	141	38	33	14	6	0	6	1	12	37	1811	675	6606	0	0	802	813	4	19	0	632	6	11	668	10	4	1	0	73	13	1060	0	330	1	0	0	0	43	757	74	875
OTU35	0	0	3	0	0	0	33	11	0	0	2	0	466	3	6	112	241	1	13	173	24	276	0	0	116	1	0	7	17	0	0	2	1186	6	0	1099	2	1	17	127	99	1916	38	2	0	5216	1	22	2	1271	25	0	11	102	0	0	1	2	13	3325	50	110	0	0	7	7978	3	3	0	1671	0	4	3	0	0	28	48	297	6	383	1	2353	0	0	0	0	54	59	172	20732
OTU36	0	0	0	0	0	0	3371	2	0	0	0	0	0	0	0	0	1681	0	0	0	0	0	0	0	0	0	0	0	0	0	1	0	0	0	0	0	0	0	0	2	0	40	969	175	0	3	1	0	0	42	0	1540	0	0	0	0	0	0	0	0	2	4	0	1	0	0	1	0	0	0	0	93	0	0	0	4097	3831	1513	0	0	0	32	0	0	261	0	0	0	1665	0
OTU37	2	0	0	0	0	0	0	0	0	0	0	0	1	0	0	477	0	0	0	133	2	59	301	0	0	0	0	0	17	0	0	43	318	4	39	2161	0	0	0	11	9	98	5	0	0	262	0	1	0	36	1	1008	0	6	0	0	0	0	0	9053	0	4	0	0	63	0	1	643	0	848	3	0	2393	0	6	0	0	0	0	292	1	86	0	0	0	0	52	416	3	0
OTU38	0	0	0	0	0	0	0	193	0	0	0	0	0	0	0	8	0	12	0	0	269	0	120	0	0	0	0	1	612	0	5	1261	8	0	33	576	0	0	591	0	0	1	1501	0	1	19	0	14	7	0	26	0	0	0	0	2	1	1	10	211	8596	251	3	1	8	0	0	2667	0	5	0	3920	253	69	10	0	0	0	14	52	0	0	0	0	0	0	0	26	0	0
OTU39	0	0	1	0	0	0	2	0	0	4	0	0	10	115	0	0	0	2	1	0	0	0	1	0	0	0	0	0	0	3	0	1	0	1	0	34	2	1	0	251	170	111	0	0	0	2	0	16	0	127	1	15	612	185	0	401	0	0	2	1	0	2	0	1	0	7	0	1	0	0	0	0	0	32521	14683	0	0	0	0	10	0	115	1	0	0	0	0	0	0	1
OTU40	0	0	0	0	0	0	32	106	138	0	0	0	0	10	71	0	0	0	145	322	0	4638	0	0	33	0	0	0	297	0	284	0	3850	2	0	125	11	2	2	0	0	0	2	0	8	0	1	18	0	0	0	1	0	0	0	0	0	14	0	970	0	0	37	0	0	7	0	0	0	0	0	0	0	0	0	31	10	0	0	940	238	0	0	0	0	0	0	0	0	387
OTU41	0	0	1	0	0	1	364	0	111	89	23	211	523	39	166	190	677	0	8	437	5	427	52	1	20	0	2	3	106	26	133	9	1049	26	0	78	2	6	112	2597	1246	995	75	0	28	264	135	804	25	657	161	2290	250	1289	0	0	0	124	646	700	0	119	447	224	0	23	292	293	17	284	43	6	192	7	12	283	397	1293	0	1669	14	1337	35	1	92	0	137	21	578	2416
OTU42	0	0	0	0	0	0	7	397	0	9	69	16	167	10	0	183	488	5	22	171	59	283	46	0	8	0	0	199	239	7	1	128	39	21	8	4	5	16	231	20	12	130	31	7	6	66	0	103	2	95	19	86	102	23	3	9	3	86	8417	49	37	57	99	6	2	1470	3	84	7	289	6	67	46	5	3	15	7	609	464	104	0	149	2	0	17	1	559	234	267	23
OTU43	0	0	0	0	0	0	0	0	0	0	0	0	0	0	0	0	0	0	29	0	0	8496	0	0	0	0	0	0	0	0	0	0	246	0	0	0	0	0	0	0	0	0	0	0	25	0	0	0	0	0	0	0	63	0	0	2643	0	0	0	164	0	421	0	0	0	0	0	0	0	0	0	0	1	0	0	0	0	0	0	0	0	0	0	0	0	1	0	0	0	601
OTU44	0	0	0	0	0	0	0	0	0	0	0	0	0	0	0	254	0	17	0	0	72	0	0	0	0	1	0	0	8	0	0	14	0	0	0	0	0	0	0	0	0	0	0	2	0	8	0	0	0	0	0	0	0	0	1	0	5	0	0	0	12487	0	0	0	0	0	0	0	0	0	0	0	0	8	0	0	0	0	0	0	0	0	0	0	0	0	0	0	0	0
OTU45	0	0	0	0	0	1	7	0	0	0	78	17	2	0	5	0	33	0	0	0	15	0	0	1	69	0	0	0	1	0	0	0	0	0	0	36	0	0	0	97	76	1779	1	0	17	5	0	0	12	1336	36	525	75	120	42	42	8	0	1	531	107	82	0	4087	930	1	2	1016	12	12	1	0	134	0	0	4	4	79	0	636	1	1858	0	1	100	0	1402	30	47	7
OTU46	0	0	0	0	0	0	0	0	0	0	0	0	0	0	0	0	0	0	0	0	0	0	0	0	13	9	96	6	5	0	0	0	1	0	0	0	0	0	1522	2	4	0	0	0	0	3	1	82	0	0	0	0	0	8	16	0	0	0	0	1	0	0	223	0	0	0	0	0	2	0	0	0	0	0	0	0	0	0	0	27	0	0	4911	0	984	0	0	95	0	0
OTU47	0	0	2	0	0	0	0	0	0	0	0	2	0	0	0	0	0	0	0	2	2	0	0	1	0	0	1	0	0	1	0	0	0	0	0	0	8529	0	0	1	0	0	0	0	0	29	0	0	7	0	8	24	0	0	0	0	2	0	0	0	5	0	1	14	0	0	0	0	36	0	0	0	0	0	0	0	0	0	0	0	0	0	0	0	0	0	0	0	0	0
OTU48	0	0	0	0	0	0	110	844	1377	12	9	35	121	227	132	38	691	34	8	65	61	19	227	1	16	201	0	4	52	45	23	0	3	22	1	38	9	4	22	7	13	143	3	13	18	0	291	100	24	210	15	35	128	26	87	33	27	4	38	91	370	22	1051	24	1	49	17	1	22	152	50	302	30	1044	124	154	6	107	27	320	947	311	38	75	25	117	213	13	398	14
OTU49	0	0	0	0	0	0	0	0	0	0	1	0	0	0	0	0	0	0	0	0	0	0	0	0	0	0	0	0	0	0	0	0	0	0	0	0	0	0	0	0	0	0	0	14968	0	0	0	0	0	0	0	0	0	0	0	0	0	1	0	0	0	0	0	0	0	0	1	0	0	0	0	0	0	0	0	1	0	0	0	0	0	0	0	0	0	0	0	0	0	0
OTU50	0	0	0	1	0	4	0	0	4	0	0	0	4	0	1	0	2	0	1	3	1	0	0	3	1877	27826	23970	4	90	0	1	0	1	0	0	0	0	0	8374	4058	5474	142	608	0	2	5	2	287	4	134	7	3	1	6876	3	0	2	0	0	1	0	0	91	0	0	0	0	0	3	2	0	0	0	1	0	0	0	3	0	6999	0	125	27169	0	3	1	0	639	0	0
OTU51	0	0	0	0	0	0	0	0	0	0	0	0	0	0	0	0	0	0	0	0	0	0	0	0	0	0	0	0	0	0	0	0	0	0	0	0	0	0	0	0	0	0	0	0	0	0	0	0	0	0	0	0	0	0	0	0	0	0	0	0	0	0	0	0	0	0	0	0	0	0	0	0	0	0	0	0	0	0	0	0	0	0	0	0	0	0	0	0	0	9503
OTU52	0	0	0	0	0	0	8	0	0	0	3	3	2	7	2	0	28	0	0	2	155	0	0	564	1565	6026	0	0	5	0	0	0	0	0	20	5	18	0	4	55	22	1	7	14	9	37	0	14	10	5	8	0	25	46	50	17	8	2	416	1	5	77	1	19	0	0	0	0	53	228	0	6	0	50	8	8	8	7	0	20	27	11	61	3	5	0	94	0	27	5
OTU53	0	0	0	0	0	0	10	113	0	4	9	7	54	1	4	42	159	6	0	236	93	33	0	0	0	0	0	52	196	10	0	131	7	3	5	5	2	5	148	70	41	352	44	1	11	731	1	47	1	226	6	1487	15	43	0	7	0	19	8	268	20	227	71	0	0	0	36	37	20	41	2	814	1945	1	0	4	9	204	0	708	0	501	0	0	0	0	167	566	156	0
OTU54	0	0	0	0	0	0	0	0	0	0	0	0	0	0	0	0	0	0	0	5	0	0	0	0	0	0	0	0	9066	0	0	0	0	0	0	0	0	0	0	0	0	0	0	0	0	2	0	1	0	0	0	0	0	0	0	0	0	0	0	0	0	0	0	0	0	0	0	0	0	0	0	0	0	0	0	0	0	0	0	1	0	0	0	0	0	0	0	0	0	0
OTU55	0	0	0	0	0	0	2334	0	1	0	7	0	0	2	0	0	0	0	0	7	0	0	0	4	10	0	0	0	0	0	0	0	0	7	0	0	4	0	0	19	7	0	0	0	4	0	0	1	20	0	63	0	24	12	14	6	0	1	9	0	6	0	0	269	0	0	0	0	2	0	5	0	0	314	63	2657	2931	0	0	5	0	0	2	4741	0	0	0	0	0	3
OTU56	0	0	0	0	1	0	0	0	0	0	0	0	0	6	0	0	0	0	0	0	0	0	0	0	0	0	0	0	2	0	0	0	0	0	0	0	3	0	0	2	1	1	17	4857	0	1	0	8	0	0	0	0	1	0	5	0	0	0	0	2	0	0	0	1	0	0	12107	0	0	21	0	0	0	1	0	0	0	0	0	1	0	1	0	0	0	0	0	0	0	0
OTU57	0	0	0	0	0	0	0	0	0	0	12	0	15	0	0	0	6	0	1	25	2659	0	2	0	0	0	0	1	0	0	0	0	43	0	0	1	0	1	0	0	0	2	0	0	0	4	0	13	3	3	9	0	0	0	0	0	0	0	0	0	464	68	0	0	0	0	30	70	0	0	0	0	93	0	11014	0	0	0	0	0	0	2	0	0	0	0	0	49	0	0
OTU58	0	0	0	0	1	0	1	0	0	0	7176	0	7	2	0	3	0	1	0	17	4	0	0	0	0	0	0	1	112	0	1	4	18	0	0	449	0	0	0	0	0	6	0	0	0	11	0	0	0	5	0	12	4	0	0	1	0	1	3	34	6	6	0	1	367	12	1	4	1	10	0	0	20	0	0	1	0	0	0	15	0	7	0	0	0	0	0	4	0	42
OTU59	0	0	0	0	0	1	0	0	0	0	0	0	924	0	0	1	315	0	0	1	0	0	0	0	0	0	0	0	0	0	0	0	1446	0	0	0	0	0	0	0	0	261	0	0	0	0	0	0	0	225	0	0	312	0	0	0	0	0	0	0	0	0	0	0	0	0	0	37	0	0	0	0	3675	1	0	0	0	251	0	0	1	269	0	0	0	0	0	0	328	0
OTU60	0	0	0	0	0	1	159	183	11	5	6	53	17	370	33	12	37	50	298	38	242	119	235	77	93	65	22	95	705	18	784	268	46	13	175	260	24	5	5	283	194	73	260	150	328	20	14	17	54	80	158	47	420	187	199	314	209	119	5	98	1063	30	666	165	0	12	115	3	132	58	63	194	102	92	1243	200	154	109	29	82	94	89	4	273	37	22	219	2	68	359
OTU61	0	0	0	0	0	0	1	246	28	0	26	66	70	66	0	25	0	0	0	0	1039	0	0	0	0	1	0	0	1516	0	4	328	0	0	3	0	0	33	0	0	0	0	0	70	0	16	0	141	2	0	2	0	0	0	0	0	22	0	0	0	0	0	3153	0	0	0	0	0	0	0	0	0	0	0	24	3	3	0	0	15	0	0	69	0	6	17	0	0	0	0
OTU62	0	0	0	0	0	0	0	0	0	0	140	0	0	0	0	0	0	0	0	0	0	0	0	0	0	0	0	0	0	0	0	0	0	0	0	0	0	0	0	0	0	0	0	0	0	0	0	0	0	0	0	0	0	0	10	0	0	0	0	0	0	0	0	6700	0	0	1	0	0	0	0	0	0	0	0	0	0	0	0	0	0	0	0	0	0	0	0	80	0	0
OTU63	0	0	0	0	0	0	6	22	0	0	64	2	0	0	0	0	141	0	2	0	146	3	0	0	4	0	0	0	83	0	0	13	2	0	50	19	0	4	99	5	0	28	390	0	0	39	0	0	0	21	0	7	42	3	6	1	5	1	742	162	1905	4	134	0	18	0	0	211	0	0	1	1103	13	7	2	16	5	148	138	9	51	28	0	1	0	0	403	0	102	4
OTU64	0	0	0	0	0	0	748	361	0	2	3	5	13	1	49	7	335	6	1	40	23	183	55	4	2	0	0	6	0	1	0	0	1	1	1	5	0	4	785	0	0	6	971	156	0	3	1	8	0	0	1	0	7	1	1	1	7	2	0	21	51	19	209	0	11	60	7	5	0	0	1	1303	5	9	21	694	747	279	393	1	0	1	27	0	2	11	53	0	224	8
OTU65	0	0	7	0	0	0	0	0	0	0	0	0	0	0	0	0	0	0	0	0	0	0	0	0	0	0	0	0	0	0	0	0	0	0	0	0	0	0	0	0	0	0	0	0	0	0	0	0	0	0	0	0	0	0	0	0	6816	0	0	0	0	0	0	0	0	0	0	0	0	0	0	0	0	0	0	0	0	0	0	0	0	0	0	0	0	0	0	0	0	0
OTU66	0	0	0	0	0	0	0	1	0	0	0	0	0	0	0	0	0	0	0	0	0	0	0	0	0	6211	0	0	0	0	0	0	0	0	0	0	0	0	0	0	0	0	0	0	0	0	0	0	0	0	0	0	0	0	0	0	0	0	0	0	0	0	0	0	0	0	0	0	0	0	0	0	0	0	0	0	0	0	0	0	0	0	0	0	0	0	0	0	0	0
OTU67	0	0	0	0	0	0	0	0	0	0	0	0	0	0	0	0	0	0	0	57	0	0	0	0	0	0	0	213	0	0	0	0	0	0	0	276	0	0	0	0	0	1	0	0	1	0	0	112	0	3	0	0	0	0	0	0	0	0	0	0	2203	0	0	0	1726	1	0	0	0	0	0	0	1138	0	0	0	0	0	1	0	0	3	0	0	0	0	0	0	0	0
OTU68	0	0	1	0	0	0	0	159	1	2	33	1	46	44	16	184	58	1	129	37	29	65	89	0	68	0	0	73	27	0	8	5	77	11	4	220	0	0	37	101	81	117	83	1	2	402	0	107	0	72	13	298	46	95	0	1	0	0	32	511	76	264	5	0	0	77	0	14	0	891	31	22	578	2	0	0	0	65	62	1233	1	145	0	0	0	0	9	61	62	581
OTU69	0	0	0	0	0	0	0	0	0	0	0	0	0	0	0	0	0	0	572	0	0	0	0	0	0	0	0	0	0	0	0	0	0	0	0	1418	0	0	0	0	0	0	77	0	0	0	0	2288	0	0	0	0	0	0	0	0	0	0	0	0	0	0	98	0	0	0	0	0	0	0	1556	0	0	0	11	0	0	0	0	0	0	0	0	0	0	0	0	0	0	0
OTU70	0	0	0	0	0	0	0	0	0	0	0	0	0	0	5293	0	0	0	0	0	0	0	0	0	0	0	0	0	0	0	0	0	0	0	0	0	0	0	0	0	0	0	0	0	0	0	0	0	0	0	0	0	0	0	0	1	0	0	0	0	0	0	2	0	0	0	0	0	0	0	0	0	0	0	0	0	0	0	0	0	0	0	0	0	0	0	0	0	0	0
OTU71	0	0	1	0	0	0	0	30	0	2	0	0	49	91	0	1075	38	0	0	0	71	51	0	0	0	0	0	19	1448	0	1	1729	71	5	0	110	0	1	3	0	0	13	25	0	0	13	0	60	5	20	21	53	1	0	0	2	0	0	19	207	533	362	1	0	8	54	0	0	0	125	0	0	43	0	4	0	0	47	2	66	0	22	0	3	0	0	24	118	50	34
OTU72	0	0	1	0	0	0	31	0	2	66	144	23	31	20	2	4	3	7	2	4	13	2	18	7	6	16	1584	0	130	18	0	0	132	11	4	44	2	0	0	107	116	31	0	19	92	16	21	0	28	28	45	15	2352	98	4	12	17	4	13	12	0	8	2	34	0	0	200	4	2	12	5	7	10	136	8	34	36	16	2	92	2	22	38	1	8	3	12	17	7	113
OTU73	0	0	0	0	0	0	2	966	0	0	3	0	73	1	2	64	12	2	0	16	7	3	107	0	2	1	1	90	136	0	14	27	5	2	0	30	0	0	30	2	0	1	5	0	2	15	1	47	47	0	118	135	0	3	2	8	0	2	32	58	11	1265	1	4	10	12	0	61	1	819	0	20	823	3	3	1	0	2	357	73	11	1	0	0	0	2	0	132	3	5
OTU74	0	0	0	0	0	0	0	0	0	0	192	9	11	0	0	0	0	1	0	0	1024	353	0	0	0	1	0	0	178	0	1	11	7	0	0	113	0	2	0	1	0	2	1914	1	0	0	0	0	0	0	1	0	1	0	0	0	11	0	0	836	473	10	0	0	0	0	3	0	0	13	0	1	41	1	10	0	0	0	0	0	0	0	0	0	0	0	0	19	3	3
OTU75	0	0	0	0	0	0	0	864	0	0	17	0	128	0	0	7	9	0	0	48	0	0	34	0	0	0	0	33	10	0	0	0	1	0	1	39	0	0	357	0	0	8	0	0	0	13	0	211	0	6	8	187	0	0	0	0	0	1	357	23	4	20	22	0	46	334	0	382	0	1826	0	4	27	1	0	0	0	21	3	12	0	18	0	0	0	0	67	206	4	2
OTU76	0	0	0	0	0	0	0	0	0	0	0	0	0	0	0	0	0	0	0	0	0	0	0	0	0	0	46	0	0	0	0	0	0	0	0	0	0	0	0	0	0	0	0	0	0	0	0	0	0	0	0	0	0	0	0	0	0	0	0	0	0	0	0	0	0	0	0	0	0	0	0	0	0	0	0	0	0	0	0	0	0	0	0	0	0	0	0	0	0	0
OTU77	0	0	0	0	0	0	27	0	15	3	12	1	11	4	172	23	225	63	108	44	69	682	405	5	2	0	1	223	53	14	129	1	14	902	8	6	44	18	2	1	0	16	9	2	5	18	41	12	1	16	1	54	8	1	15	13	6	266	2588	2	22	12	909	5	5	81	21	53	5	62	76	639	49	4	75	22	26	215	1338	8	13	12	1	0	0	0	137	13	262	35
OTU78	0	0	0	0	0	0	0	0	0	0	0	0	0	0	0	0	0	205	0	0	0	0	0	0	0	0	0	0	1	0	0	0	0	0	0	4729	0	0	0	0	0	1	0	0	0	0	0	0	0	0	0	0	0	0	0	0	0	0	0	0	0	0	0	0	0	0	0	0	0	0	0	0	0	0	1	0	0	0	0	1	1	0	0	0	0	0	0	0	0	0
OTU79	0	0	3	0	0	0	0	0	0	0	0	0	0	0	0	0	0	0	0	0	114	0	0	0	0	1274	0	0	0	1	0	0	0	0	0	0	0	0	0	0	0	0	0	0	0	0	0	0	0	0	0	0	0	0	0	0	1729	0	0	0	0	0	0	0	0	0	0	0	2	0	0	0	0	2207	0	0	0	0	0	0	0	0	0	78	0	0	0	0	0	0
OTU80	0	0	0	0	0	0	0	0	0	0	113	0	77	1	0	0	0	0	0	0	0	0	0	0	1	0	0	0	30	0	0	0	1	0	0	234	0	0	0	0	0	0	0	0	0	0	0	0	0	0	0	0	0	0	0	1	0	0	0	248	0	193	0	0	1821	2188	0	0	0	68	0	0	0	0	0	0	0	0	0	0	0	0	1	0	0	0	334	0	0	155
OTU81	0	0	0	0	0	0	2	0	0	0	3	0	15	57	0	0	257	0	61	22	3	599	5	0	0	0	0	4	37	0	10	0	32	152	0	120	2	2	0	0	0	49	16	0	4	0	0	13	6	50	20	17	0	0	0	0	0	0	43	199	5	1	1	0	0	0	1	1	0	7	0	37	0	0	0	0	0	285	111	25	3	52	0	0	0	0	4387	2	402	64
OTU82	0	0	0	0	0	0	215	0	0	1	16	43	123	38	1	16	97	2	34	7	152	21	93	2	0	134	0	0	272	3	11	0	31	11	0	70	0	119	0	88	56	355	0	0	6	2	0	238	0	399	4	17	21	48	5	42	12	9	32	41	28	77	11	16	0	18	229	5	2	262	8	40	17	1	0	235	218	138	0	53	0	424	5	0	0	0	19	3	141	163
OTU83	0	0	0	0	0	0	95	172	8	29	66	159	185	29	47	113	524	107	7	502	140	92	60	3	47	35	28	33	73	56	104	38	155	30	41	49	46	41	91	125	89	414	33	50	18	76	1	241	46	335	97	184	78	84	71	63	72	45	200	136	986	35	31	215	4	505	41	3	44	301	17	132	25	474	67	106	113	774	8	111	6	627	643	8	109	493	300	23	351	432
OTU84	0	0	0	0	0	0	0	0	0	0	0	0	0	0	0	0	0	0	0	0	0	0	0	0	0	0	0	0	0	0	0	0	0	0	0	0	0	0	0	3	1	0	0	0	0	0	0	0	0	2	0	0	0	2	0	0	0	0	0	3	0	0	0	0	0	0	0	0	0	0	0	0	2	0	1	0	0	0	0	0	0	2	0	0	0	0	0	5107	0	0
OTU85	0	0	0	0	0	0	78	0	280	4	0	1	0	7	94	19	13	12	274	11	0	22	13	0	24	3	0	0	8	77	995	0	52	7	0	217	6	11	0	30	33	28	71	0	0	1	1	5	12	37	43	0	32	29	20	0	0	9	21	24	1	2	0	5	46	17	0	0	0	31	13	5	7	1299	32	94	79	7	1	8	0	24	1	2	0	408	17	0	5	89
OTU86	0	0	0	0	1	0	0	0	0	0	0	0	0	0	0	0	0	0	2705	1	0	0	0	0	0	0	1673	0	0	0	1	0	106	3	0	0	0	0	0	0	0	0	0	9095	0	16	0	3843	0	0	0	0	4473	0	0	0	0	0	0	0	0	2736	0	0	0	0	0	0	0	0	23	0	0	0	0	2	0	0	0	0	0	0	2897	0	0	0	0	1	0	0
OTU87	0	0	1	0	0	0	0	0	0	0	0	0	0	0	0	0	0	0	0	0	0	0	1	0	0	0	0	0	2	4	0	0	0	0	0	0	0	0	0	0	0	0	0	0	0	1	0	2	0	1	0	0	0	1	0	0	0	0	0	3	0	0	0	0	0	1	0	0	0	0	0	0	3	4225	0	0	0	0	0	40	0	0	0	0	0	1	0	2	0	0
OTU88	0	0	0	0	0	0	76	0	18	57	30	94	87	32	42	10	56	8	59	47	88	132	65	8	7	22	0	13	123	36	154	10	19	368	12	34	3	8	0	25	27	65	60	13	47	37	45	19	14	66	38	19	64	32	15	3	26	80	276	91	71	15	728	31	0	31	61	28	39	52	13	264	23	15	20	113	94	69	25	42	11	57	0	3	1	0	484	30	100	116
OTU89	0	0	0	0	0	0	0	0	0	0	0	0	0	0	0	0	1113	0	0	0	9	0	0	0	0	0	0	0	0	0	0	0	0	0	0	0	0	0	0	0	0	215	0	10	0	0	0	0	0	162	0	0	0	0	0	0	0	0	0	0	0	0	0	0	0	0	0	0	1	0	0	2	0	0	0	0	0	1529	0	0	0	262	0	0	0	0	0	0	1081	0
OTU90	0	0	0	0	0	0	0	0	0	0	0	35	2	0	0	0	0	0	0	0	0	0	0	0	0	0	0	0	0	0	0	0	6	1	0	0	0	0	0	0	0	1	4	0	0	119	0	0	2	0	0	0	0	0	0	0	0	3	0	5333	0	0	0	0	0	0	1	0	0	0	0	0	178	0	0	0	0	0	2	0	0	0	0	0	0	0	0	0	0	0
OTU91	0	0	0	0	0	0	45	0	15	17	15	9	69	18	10	137	150	29	15	568	75	4	7	0	1	0	23	7	60	23	25	0	11	42	3	13	7	15	13	21	13	215	2	15	5	20	3	132	10	151	31	87	23	17	4	7	1	46	24	113	0	79	1	21	0	854	21	31	28	215	15	8	108	6	1	40	39	143	1	69	2	310	11	7	21	0	70	27	91	115
OTU92	0	0	0	0	0	0	0	554	1	1	0	2	0	5	9	7	0	30	5	0	40	0	967	0	3	0	34	3	5	13	5	0	6	0	1	30	0	0	0	0	0	30	7	0	1	0	27	4	35	26	77	2	0	2	0	0	7	0	0	0	113	0	16	3	0	0	0	0	4	0	0	0	2	0	13	0	0	0	1324	5	9	22	0	1	0	0	0	0	0	15
OTU93	0	0	0	0	0	0	0	0	0	0	0	0	0	0	0	0	0	20	0	0	1086	0	0	0	2	0	0	0	0	0	130	0	0	0	0	0	0	0	1	0	0	0	0	0	0	9	0	0	0	0	0	0	0	0	0	1	5	4	0	0	2232	316	0	0	0	0	0	0	0	0	0	0	0	9	0	0	0	0	0	102	0	0	0	0	0	0	0	7	0	0
OTU94	0	0	0	0	0	0	0	0	0	0	0	2	0	0	0	0	10	0	0	0	0	0	0	0	3	0	6	0	0	0	0	0	0	0	0	0	0	0	0	0	0	0	0	1	2	3355	0	1	0	0	0	0	5	0	0	2	0	0	1	10	0	2	0	0	0	0	4	0	0	8	0	0	0	0	0	0	0	0	0	1	0	1	0	0	3	0	0	1	8	0
OTU95	0	0	0	0	0	0	1	7	0	7	2	55	44	0	1	9	3	0	2	0	0	0	0	2	1	0	0	0	1	1	0	0	7	0	1	38	0	4	2	1	1	42	0	0	0	1	1	12	0	28	2	36	2	1	20	1	0	0	2453	114	0	7	0	31	1	35	0	0	0	15	0	0	1	1037	10	5	4	5	0	68	0	63	36	16	0	0	0	1	2	437
OTU96	0	0	0	0	0	0	0	0	0	0	0	0	0	0	0	0	0	0	0	0	0	0	0	0	0	0	0	0	0	0	0	0	0	0	0	0	0	0	0	0	0	0	0	1787	0	0	0	0	0	0	0	0	0	0	0	0	0	0	0	0	0	0	0	0	0	0	0	0	1437	0	0	0	0	0	0	0	0	0	0	0	0	0	0	0	0	0	0	0	0	0
OTU97	0	0	0	0	0	0	0	0	0	0	0	0	0	0	0	420	0	9	43	24	0	0	38	0	19	0	0	0	203	0	6	1257	3	0	0	109	0	2	361	0	0	0	239	0	7	23	0	0	0	1	0	0	22	0	0	0	0	47	123	13	0	11	0	0	2	0	0	0	0	0	70	0	1	0	3	0	0	0	0	256	2	0	0	0	0	0	27	0	0	30
OTU98	0	0	0	0	0	0	0	0	0	0	0	0	0	0	0	0	0	0	0	0	0	0	0	0	0	0	0	0	0	0	0	29	0	0	0	6	0	0	0	0	0	0	186	0	0	134	0	0	0	0	0	0	0	0	43	0	0	0	0	0	1	0	0	0	0	0	0	444	0	0	0	0	0	0	0	0	0	0	0	0	0	1	0	0	0	0	0	0	0	0
OTU99	0	0	1	0	0	0	0	40	6	0	0	1	2	1	5	1	1	1	15	208	1	0	0	23	3	8	0	0	2	18	0	0	4	0	0	19	0	2	698	1	1	19	1	0	0	0	839	19	6	32	55	0	1	0	26	0	66	0	37	77	202	0	97	7	0	0	1	2	0	161	0	0	11	1120	4	1	0	0	55	22	2	35	0	39	0	0	0	0	0	32
OTU100	0	0	0	0	0	0	0	0	0	0	0	0	0	0	0	0	0	0	0	0	0	0	0	0	0	0	0	0	0	0	0	0	0	0	0	1	0	0	1	0	0	0	0	0	0	0	0	0	0	0	0	0	0	0	0	0	0	0	0	6	0	0	0	0	3142	0	0	0	0	0	0	0	0	0	0	0	0	0	0	0	0	0	0	0	0	0	0	0	0	0
OTU101	0	0	0	0	0	0	14	0	15	0	0	8	4	7	27	10	11	2	22	7	46	0	15	2	8	52	4	0	99	1	28	16	3	4	0	74	45	7	4	33	49	71	8	36	15	3	0	6	28	77	83	1	5	38	394	3	10	4	318	171	377	114	161	22	0	67	5	0	1	96	1	0	10	282	26	30	12	10	0	75	74	64	6	5	0	0	8	1	7	236
OTU102	0	0	0	0	0	0	28	84	10	11	14	14	87	10	11	24	42	22	8	8	80	135	353	1	7	21	16	5	71	11	34	11	81	49	25	15	1	15	20	158	110	37	76	7	6	107	15	9	16	62	38	112	48	120	4	13	5	25	9	63	105	7	57	22	4	8	4	15	1	11	1	30	8	68	6	40	11	37	17	54	32	42	5	5	6	10	102	23	78	26
OTU103	0	0	0	0	0	0	0	67	0	0	9	0	0	0	0	0	319	0	0	0	0	0	0	0	0	0	0	0	0	0	0	0	0	0	0	0	0	0	0	5	13	2	6	0	0	0	0	4	0	1	0	5	27	8	0	0	3	2	0	1	0	6	1422	0	0	0	328	0	0	0	0	3	0	0	0	0	0	343	0	0	0	2	4	0	0	0	0	0	422	0
OTU104	0	0	0	0	0	0	0	15	0	0	0	0	2	0	0	0	0	2	0	0	79	15	0	0	20	13	0	119	23	2	0	51	0	0	0	11	0	0	0	0	0	6	350	1186	0	49	0	1	1	1	0	0	9	0	15	0	49	2	42	20	718	2	2	2	0	0	0	28	0	6	4	309	3	45	0	0	0	0	0	0	0	0	0	0	0	0	0	0	0	0
OTU105	0	0	0	0	0	0	440	0	0	0	0	0	0	0	0	0	0	0	0	0	0	1216	202	0	0	0	0	0	0	0	0	0	96	3	0	0	0	0	0	0	0	0	0	0	0	0	0	0	0	0	1	0	0	0	0	0	0	14	0	1	1	0	0	0	0	0	0	0	0	0	0	0	0	0	0	500	462	0	0	0	0	1	0	0	0	0	0	7	0	0
OTU106	0	0	0	0	0	0	0	0	0	0	0	0	0	0	0	0	0	0	0	15	0	8	0	0	0	0	0	0	0	0	2	0	0	0	0	1	0	1	0	0	0	0	1	0	0	2	0	0	0	0	0	0	0	0	0	0	0	0	0	0	0	4	0	0	0	0	0	0	0	0	0	0	0	0	0	0	0	0	0	2974	0	0	0	0	0	0	0	282	0	2
OTU107	0	0	1	0	0	0	53	249	12	524	1	9	12	227	2	5	43	20	0	6	3	5	0	0	0	0	43	0	8	30	0	0	2	0	0	3	2	0	0	149	102	55	33	0	9	0	2	4	32	46	47	5	47	119	0	41	1	0	2	0	10	3	94	54	58	0	7	0	3	5	4	3	0	55	109	51	50	42	0	1	6	78	83	0	102	23	44	3	7	38
OTU108	0	0	0	0	0	0	0	0	0	0	0	0	0	44	4	0	3	0	42	0	22	0	0	0	14	18	0	0	212	0	49	15	2	2	0	130	4	19	905	0	0	26	0	0	3	0	117	21	49	38	101	0	0	0	0	0	0	0	0	766	1	0	3	7	0	0	0	0	1	0	0	0	0	137	0	0	0	2	0	84	0	31	1	0	0	0	0	0	3	105
OTU109	0	0	0	0	0	0	0	0	0	0	0	0	0	0	0	0	0	0	0	0	0	0	0	2	39	23	1408	157	0	0	0	0	0	0	0	0	0	0	0	0	0	0	0	0	0	2	0	75	0	0	0	0	11	0	0	276	0	5	0	0	0	591	363	0	0	0	0	0	0	0	0	0	0	0	0	0	0	1	0	70	0	3	337	0	0	0	0	64	1	0
OTU110	0	0	0	0	0	0	3	0	0	0	15	15	14	2	4	8	26	22	3	0	25	9	0	0	1	13	1	0	71	0	4	38	0	1	6	125	1	71	0	48	39	18	0	0	2	1	0	1	3	26	6	0	108	38	5	15	0	14	1509	1	2	3	5	0	16	0	0	0	0	40	4	12	2	40	124	4	2	18	0	29	0	24	2	0	0	0	36	1	9	6
OTU111	0	0	0	0	0	0	6	0	0	14	0	0	24	0	0	6	388	0	0	0	0	0	1	0	1	0	0	1	0	5	0	0	0	9	8	11	0	0	0	0	0	215	1	0	1	62	2	55	0	129	4	101	6	2	0	0	0	0	0	26	0	0	8	27	4	283	0	24	217	2	1	0	35	0	0	5	2	456	14	18	3	236	1	1	45	63	15	1	282	14
OTU112	0	0	1	0	0	0	0	0	0	0	0	0	0	0	0	0	0	0	0	2613	0	0	0	0	0	0	0	0	0	0	0	0	0	0	0	0	0	0	0	0	3	291	0	0	0	0	0	0	0	249	0	0	0	3	0	0	0	0	0	0	0	0	0	0	0	0	0	0	0	0	0	0	0	0	0	0	0	0	0	0	0	355	0	0	0	0	0	0	0	0
OTU113	0	0	0	0	0	0	0	0	0	0	0	0	71	0	0	0	0	0	0	0	0	0	0	0	0	0	0	0	1991	0	0	0	12	0	5	0	0	1	0	0	0	0	0	0	0	0	0	0	0	0	0	0	0	0	0	0	0	0	8	0	0	0	0	2	0	0	0	3	0	0	0	0	0	0	0	0	0	0	0	45	0	0	0	0	0	0	0	526	0	4
OTU114	0	0	0	0	0	0	0	0	0	0	0	8	1	729	0	0	4	0	0	0	0	0	9	0	0	0	0	0	2	2	0	0	0	0	0	0	0	0	0	0	1	4	0	0	19	3	2	0	16	3	60	39	0	0	0	0	0	6	0	0	0	0	0	6	1	0	6	14	0	0	0	3	1383	0	0	0	0	6	1	0	0	2	0	0	0	3	0	1	6	0
OTU115	0	0	0	0	0	0	0	30	3	3	0	4	6	0	1	146	246	0	25	128	10	12	0	0	6	0	0	5	23	11	47	0	36	18	22	32	0	7	4	12	7	27	0	0	3	40	14	63	1	14	9	77	3	9	0	0	0	22	5	184	0	0	7	6	0	41	0	1	9	29	0	1	20	1	1	0	0	368	0	248	0	35	0	0	0	0	44	10	117	250
OTU116	0	1	0	0	0	0	1	0	9	0	0	0	0	4	1902	0	0	1	40	0	0	108	0	0	0	0	0	0	1	0	0	0	46	0	0	71	20	0	0	0	1	0	0	0	0	0	0	0	0	0	0	0	0	0	0	0	0	0	0	21	0	13	0	0	17	56	0	0	0	16	0	1	0	19	2	0	1	0	0	2	0	0	0	0	0	1	0	0	0	82
OTU117	0	0	0	0	0	0	1	0	0	0	0	0	0	0	0	0	0	0	0	1	0	0	29	0	9	0	0	0	1	0	0	5	0	0	0	0	1	0	0	2	1	0	0	0	0	3	0	1	0	1	0	4	1	2	0	0	0	0	0	2	0	2	0	0	0	0	0	2	0	1	0	0	583	0	0	0	1	0	0	4	0	1	0	0	0	1	0	1816	0	2
OTU118	0	0	0	0	0	0	0	0	0	0	0	0	0	0	0	0	0	0	0	0	0	0	0	0	0	0	0	0	0	0	0	0	0	0	0	10	0	0	2351	0	0	2	0	0	0	0	0	4	0	0	0	0	0	0	0	0	0	0	0	1	3	0	0	0	0	0	0	0	0	0	0	0	22	0	0	0	0	4	0	14	0	1	1	0	0	0	0	0	0	0
OTU119	0	0	0	0	0	0	0	0	0	0	0	0	3	0	0	0	0	0	0	0	0	0	0	0	0	0	0	0	1	0	0	0	0	0	0	6	0	0	0	0	0	0	0	0	0	0	0	0	0	0	0	0	0	0	0	0	0	0	0	2	0	0	0	0	101	0	0	0	0	781	0	0	1087	0	0	0	0	0	0	0	1	0	0	0	0	0	0	0	0	0
OTU120	0	0	0	0	0	0	0	0	0	0	0	0	0	0	0	0	0	0	0	0	0	0	0	0	0	0	0	0	280	0	0	1	0	0	0	0	0	0	0	0	0	0	0	0	0	0	0	0	0	0	0	0	0	0	0	0	0	0	0	0	0	0	0	0	0	0	0	0	0	2037	0	0	0	0	0	0	0	0	0	0	0	0	0	0	0	0	0	0	0	0
OTU121	0	0	0	0	0	0	0	0	0	1	0	0	2	53	0	17	0	2	2	42	0	3	5	0	7	4	0	0	86	1	7	14	22	0	0	11	1	0	4	76	41	1	16	44	3	656	0	0	0	1	0	158	0	52	5	0	1	1	4	33	0	0	0	0	0	48	1	3	0	155	1	0	381	0	8	1	1	0	0	200	0	0	3	0	13	35	0	0	0	96
OTU122	0	0	0	0	0	0	72	76	3	6	10	30	76	0	5	33	14	20	3	20	8	1	200	12	2	26	97	14	9	14	36	19	1	21	7	12	0	0	15	105	84	36	1472	0	34	13	4	60	14	49	32	13	6	85	3	7	4	1	21	28	0	18	55	14	2	18	271	0	1	115	1	4	2	17	5	48	62	22	0	11	84	31	9	7	26	1	104	34	28	14
OTU123	0	0	0	0	0	0	0	0	0	0	0	173	0	72	0	0	0	0	350	0	0	0	0	91	314	1	94	0	0	0	0	0	8	0	0	0	0	0	0	26	15	3	0	38	213	0	0	3	119	1	154	0	132	20	240	175	117	0	0	0	0	10	0	0	0	0	0	0	180	0	0	0	3	0	0	0	0	0	0	0	0	1	35	0	188	201	8	0	0	0
OTU124	0	0	0	0	0	0	0	0	0	0	0	0	0	0	0	0	0	0	1937	0	0	0	0	0	0	0	0	0	0	0	0	0	0	0	0	0	1	0	0	0	0	0	0	0	0	0	0	0	0	0	0	0	0	0	0	0	0	0	0	0	0	0	0	0	0	0	0	0	0	0	0	0	0	0	0	0	0	0	0	0	0	0	0	0	0	0	0	0	0	0
OTU125	0	0	0	0	0	0	0	0	0	0	1	0	0	0	0	0	0	0	0	0	0	9	0	0	0	0	0	2	0	0	1	231	3	0	674	2	0	0	226	0	0	9	0	0	0	0	0	10	1	9	4	0	0	0	0	0	0	3	30	10	0	229	1	0	94	2	0	177	0	13	0	0	7	0	0	0	0	0	22	13	0	9	0	0	0	0	48	14	0	0
OTU126	0	0	0	0	0	0	0	1778	0	0	0	0	0	0	0	0	0	0	0	0	0	0	0	0	0	0	0	0	0	0	0	0	0	0	0	0	0	0	0	0	0	0	0	0	0	0	0	0	0	0	0	2	0	0	0	0	0	0	0	0	0	0	0	0	0	0	0	0	0	0	0	16	0	0	0	0	0	0	18	0	0	0	0	0	0	0	0	0	0	0
OTU127	0	0	0	0	0	0	4	40	0	2	3	1	26	4	0	29	20	4	0	9	24	0	0	4	4	1	29	3	23	0	5	0	0	1	0	0	5	0	0	37	20	25	5	0	0	52	1	14	2	21	2	121	25	33	8	839	3	3	14	4	2	8	1	15	0	0	0	12	20	40	0	4	22	26	6	12	5	7	0	0	0	35	0	7	6	3	0	160	35	2
OTU128	0	0	0	0	0	0	3	33	29	2	22	2	8	5	3	123	98	1	4	54	17	3	28	0	28	0	0	24	81	5	9	8	5	3	2	19	0	6	243	2	1	30	14	0	0	13	2	71	2	14	5	43	0	4	0	0	1	0	26	26	0	25	2	4	532	154	0	5	0	15	5	32	16	0	2	8	7	76	11	62	0	34	0	0	0	3	44	22	61	19
OTU129	0	0	0	0	0	0	0	0	2	6	393	0	11	198	0	26	23	0	0	8	0	19	0	0	0	0	0	0	0	0	24	0	21	0	543	7	0	0	3	0	2	0	0	0	0	0	0	0	6	0	15	10	0	0	0	0	1	19	0	4	0	0	2	0	44	0	0	0	0	0	0	0	36	0	0	0	0	22	1	363	1	4	0	30	0	0	37	38	12	22
OTU130	0	0	0	0	0	0	2	4	0	0	0	0	1	33	7	6	0	0	14	0	4	9	0	0	3	0	0	0	234	0	1	1127	13	0	0	80	0	1	1	7	4	8	20	0	0	54	2	2	3	11	7	3	71	8	0	3	0	0	0	28	31	181	1	5	17	0	0	0	0	5	1	0	25	1	0	0	0	2	0	51	1	6	0	0	2	3	0	3	0	22
OTU131	0	0	0	0	0	0	8	12	2	0	4	0	0	24	27	24	60	0	187	22	0	393	7	0	8	0	0	38	40	1	32	59	56	135	6	54	0	0	0	0	0	24	11	0	7	0	0	1	2	14	5	6	15	0	0	0	0	8	0	32	0	11	1	0	96	39	0	0	0	3	0	36	10	1	1	12	12	57	36	59	0	25	0	0	0	0	52	2	48	45
OTU132	0	0	0	0	0	0	0	0	0	0	0	111	0	27	0	0	0	0	261	0	0	0	0	75	182	4	40	0	0	0	0	0	4	0	0	0	0	0	0	12	17	3	0	55	165	0	0	0	98	2	111	0	135	20	177	117	96	0	0	0	0	5	0	0	0	0	0	0	131	0	0	0	1	0	0	0	0	0	0	0	0	1	33	0	145	63	1	0	0	0
OTU133	0	0	0	0	0	0	0	0	1	1	0	0	0	0	0	0	0	0	0	0	0	0	0	0	0	0	0	0	0	0	0	0	0	0	0	0	0	0	0	2	0	0	0	0	0	0	0	2	0	0	2	1	0	0	0	0	0	0	0	0	0	0	0	0	0	0	0	0	0	1	0	0	0	0	1776	0	0	0	0	0	0	0	0	0	0	0	0	0	0	1
OTU134	0	0	0	0	0	0	0	784	0	0	0	0	33	0	0	0	0	0	0	26	2	0	0	0	0	0	0	0	4	0	0	0	0	0	0	110	0	0	0	0	0	0	5	0	1	0	0	0	0	0	2	0	0	0	0	0	0	0	0	0	12	0	2	0	50	0	0	0	0	0	0	0	0	2	1	0	0	0	382	90	0	3	0	0	0	0	0	0	0	7
OTU135	0	0	0	0	0	0	2	3	0	0	1	0	22	0	0	2	143	8	1	81	28	3	32	0	0	0	0	2	3	0	0	1	11	1	3	246	0	0	65	6	17	31	123	0	0	6	0	32	1	36	4	0	2	11	0	0	0	0	60	38	219	13	2	0	269	746	0	532	0	23	0	78	8	3	50	0	1	110	131	101	0	34	0	0	0	0	9	24	57	16
OTU136	0	0	0	0	0	0	0	0	0	0	0	0	0	0	0	0	0	0	0	0	0	0	0	0	0	0	0	0	0	0	0	0	0	0	0	0	0	0	0	0	0	0	0	0	0	0	0	0	0	0	0	0	5	0	0	0	0	0	0	0	0	0	0	0	0	0	0	0	0	0	0	1580	0	0	0	0	0	0	0	0	0	0	0	0	0	0	0	0	0	0
OTU137	0	0	0	0	0	0	0	0	0	0	0	0	0	0	0	0	0	0	0	0	0	0	0	0	0	0	0	0	0	0	0	0	0	0	0	0	0	0	0	0	0	0	0	0	0	0	0	0	0	0	0	1447	0	0	0	0	0	44	0	0	0	0	0	0	0	0	0	0	0	0	0	0	0	0	0	0	0	0	0	0	0	0	0	0	0	0	0	0	0	0
OTU138	0	0	0	0	0	0	0	520	0	0	0	0	0	0	0	0	0	0	0	0	39	0	0	0	0	0	0	0	0	0	0	0	0	0	0	0	0	0	362	0	0	2	18	0	0	38	0	1	129	1	187	5	266	0	0	0	0	0	0	2	102	0	0	0	0	0	0	1	0	0	0	0	112	0	0	0	0	0	28	12	0	2	0	0	0	0	0	0	0	0
OTU139	0	0	0	0	0	0	0	0	0	0	0	140	0	56	0	0	0	0	334	0	0	0	0	75	264	3	92	0	0	0	0	0	0	0	0	0	0	0	0	14	21	1	0	40	189	0	0	1	100	3	109	0	69	20	219	137	69	0	0	0	0	0	0	0	0	0	0	0	141	0	0	0	0	0	2	0	0	0	0	0	0	2	47	0	183	81	3	1	0	0
OTU140	0	0	0	0	0	0	0	3204	11	0	8	0	7	1	0	62	0	0	5	22	1	4	367	0	0	0	0	2	27	1	3	3	1	1	0	6	0	0	30	0	0	1	11	0	0	8	1	24	1	3	6	3	1	0	1	1	1	0	26	22	1	10	0	3	90	32	0	5	0	5	1	3	6	0	0	1	1	9	103	5	0	3	0	0	0	0	75	1	0	2
OTU141	0	0	0	0	0	0	19	0	2	0	263	3	40	2	19	56	12	0	0	73	0	0	35	0	0	0	0	0	14	1	0	0	0	11	0	17	0	3	90	0	0	23	14	4	0	26	0	266	0	6	1	0	1	0	0	2	0	3	13	27	0	3	2	8	0	99	4	21	0	105	3	0	91	0	0	17	27	9	3	8	1	25	1	0	4	47	37	2	16	72
OTU142	0	0	0	0	0	0	1	0	0	0	0	0	2	0	0	0	0	0	0	0	18	0	0	0	0	36	0	0	0	0	0	0	0	0	0	0	0	1	20	11	7	0	0	247	0	0	0	0	1	0	3	0	248	15	88	591	107	0	0	0	4	0	0	0	0	0	0	0	0	0	0	99	0	0	0	2	0	0	0	0	39	0	2	4	0	0	0	0	0	0
OTU143	0	0	0	0	0	0	0	0	0	0	0	0	11	30	0	0	0	0	0	0	0	0	0	0	0	0	0	1	3	3	0	0	0	0	0	2	0	0	0	0	0	0	0	3	0	11	0	0	0	0	0	0	0	0	0	0	0	0	0	0	0	0	0	2	0	0	1325	0	0	0	0	0	0	0	14	0	0	0	0	0	0	0	0	0	0	0	0	0	0	7
OTU144	0	0	1	0	0	0	0	0	0	0	0	0	0	0	0	0	121	0	0	0	0	0	0	0	0	0	0	0	0	0	0	0	0	0	1	0	0	0	0	242	123	247	0	6	0	0	0	0	0	151	0	0	0	189	0	0	0	0	0	0	0	1	0	0	0	0	0	0	0	0	0	0	0	0	0	0	0	176	0	0	0	276	0	0	0	0	0	0	91	0
OTU145	0	0	0	0	0	0	29	0	1	13	5	2	3	18	3	0	0	0	64	18	0	0	0	0	0	0	30	0	65	0	0	0	0	0	0	0	0	0	0	6	1	3	0	0	4	0	31	4	3	4	9	0	0	1	3	0	0	73	0	2	0	0	1	157	0	0	0	0	0	0	0	0	0	6	795	36	23	0	0	78	0	5	3	0	3	0	0	0	0	0
OTU146	0	0	0	0	0	0	0	0	0	0	2	0	0	0	0	57	0	0	0	644	0	0	0	0	1	0	0	0	0	0	0	0	0	0	0	0	0	0	0	0	0	0	0	0	0	0	0	0	0	0	0	174	0	0	114	0	0	0	0	0	0	360	0	20	0	0	0	0	0	0	0	0	0	0	0	0	0	0	0	1	0	0	0	0	0	0	0	0	0	0
OTU147	0	0	1	0	0	0	0	0	0	0	0	0	0	0	0	0	0	0	0	0	0	0	0	0	252	0	0	5	0	0	0	0	0	0	0	0	0	0	1537	0	0	161	0	0	0	0	0	371	0	159	0	0	0	0	0	0	0	0	0	0	0	0	41	0	0	0	0	0	0	0	0	0	0	0	0	0	0	0	0	1017	0	202	77	0	0	0	0	40	0	0
OTU148	0	0	0	0	0	0	2	0	0	0	3	0	2	0	3	205	85	1	29	3	0	9	0	0	0	0	0	0	4	14	0	4	0	0	3	5	0	0	0	2	1	3	0	0	0	8	0	7	0	3	3	0	12	1	0	0	0	0	0	32	0	0	0	14	943	0	1	33	0	19	1	0	0	0	0	0	0	63	0	6	12	2	0	0	0	0	84	0	80	0
OTU149	0	0	0	0	0	0	0	393	0	0	0	1	0	0	0	0	0	86	0	0	50	0	0	0	0	0	0	0	17	0	2	362	0	0	0	0	0	17	23	0	0	0	0	8	0	0	0	0	0	0	0	0	1	0	0	7	1	0	159	0	61	8	0	0	0	0	1	0	0	8	0	91	0	0	0	0	0	0	0	18	2	0	0	32	0	0	0	0	0	42
OTU150	0	0	0	0	0	0	0	0	0	0	0	0	0	0	0	0	0	0	0	0	38	0	0	0	0	0	0	0	0	0	0	0	0	0	0	0	0	0	0	0	0	0	0	1544	0	0	0	0	0	0	1	0	0	0	0	0	0	0	0	0	0	0	0	0	0	0	0	0	0	0	0	0	0	0	0	0	0	0	0	0	0	0	0	0	0	0	0	0	0	0
OTU151	0	0	0	0	0	0	0	0	15	0	0	0	17	0	0	0	0	2	2	0	0	0	0	0	0	0	0	0	0	0	0	0	0	0	0	6	0	0	25	0	0	0	0	0	0	3	0	9	4	0	2	0	24	0	5	0	0	6	93	0	0	3	0	10	0	0	0	0	0	26	0	897	0	10	12	0	0	0	0	4	0	0	1	0	14	0	9	0	0	0
OTU152	0	0	0	0	0	0	114	0	0	7	0	0	31	0	0	0	0	66	0	0	72	0	0	0	0	0	61	3	0	0	0	0	0	8	0	0	0	0	0	0	0	56	0	0	0	0	0	0	0	50	0	0	0	1	7	0	2	6	0	0	6	0	0	0	0	0	485	0	14	0	0	0	0	0	0	141	109	0	0	0	0	71	0	1	0	0	0	3	0	0
OTU153	0	0	0	0	0	0	0	0	0	1	0	0	93	0	0	0	0	4	0	159	350	0	0	0	0	0	0	0	0	0	0	0	0	0	0	83	0	0	1	0	0	1	0	0	0	4	0	111	1	2	12	125	0	0	0	0	2	1	11	0	42	10	0	0	0	62	0	0	0	15	0	0	7	0	0	0	0	0	0	59	0	2	0	0	0	0	0	0	0	0
OTU154	0	0	0	0	0	0	0	0	0	0	0	10	0	0	0	20	0	0	2	424	5	0	0	0	0	1	0	0	3	0	0	0	36	0	0	7	0	0	0	1	0	0	1	0	0	10	0	0	0	1	3	23	0	1	0	0	0	0	0	11	20	0	0	0	0	9	0	0	19	61	0	0	26	0	0	0	0	0	0	1	0	2	0	0	0	0	0	843	0	9
OTU155	0	0	0	0	0	0	0	122	0	0	0	0	3	1	0	0	0	5	0	6	11	0	136	0	0	0	0	0	0	0	0	0	1	0	0	0	0	0	0	1	0	1	89	0	0	8	0	0	52	0	57	88	0	0	0	0	0	1	0	0	39	0	0	0	0	0	0	30	0	0	0	0	0	0	0	0	0	0	407	0	0	0	0	0	0	0	0	0	0	0
OTU156	0	0	0	0	0	0	0	18	0	0	4	19	4	0	6	3	250	0	1	151	0	0	176	0	0	0	0	0	0	0	0	0	0	0	0	3	0	0	0	64	36	17	13	1	0	13	0	6	16	5	25	26	3	34	0	1	0	0	0	13	0	10	63	0	0	0	1	21	4	0	10	5	31	0	2	0	0	417	0	5	0	17	0	0	2	0	0	0	160	1
OTU157	0	0	0	0	0	0	0	0	0	0	0	0	0	0	0	0	0	0	0	0	0	0	0	0	0	0	0	8	0	0	0	1	0	0	0	0	0	0	0	0	0	0	0	0	0	0	0	0	0	0	0	0	0	0	12	0	34	0	0	0	879	0	0	0	101	0	0	0	1	0	0	0	28	11	0	0	0	0	0	0	0	0	0	0	0	0	0	133	0	0
OTU158	0	0	0	0	0	0	0	0	0	0	0	0	0	0	0	0	0	0	9	4	0	204	7	0	0	0	0	0	164	0	0	0	22	0	0	0	0	0	0	0	0	0	0	0	0	0	0	22	0	0	0	0	0	0	0	0	0	0	0	1	0	0	29	0	5	520	0	0	0	0	0	0	0	0	0	0	0	0	64	2	0	0	0	0	0	0	0	0	0	6
OTU159	0	0	0	0	0	0	0	0	0	0	0	1	3	0	529	0	0	550	0	0	0	0	0	0	0	0	0	0	0	0	0	0	3	0	0	0	0	0	0	0	0	0	0	1	0	0	0	0	0	0	0	0	0	0	44	0	0	0	0	0	0	12	0	0	0	0	0	0	0	0	0	0	0	0	0	2	1	0	0	0	0	0	0	0	0	0	0	0	0	5
OTU160	0	0	0	0	0	0	0	0	0	0	44	0	0	1	0	0	80	0	0	0	0	0	0	0	0	0	0	0	1	0	0	0	0	0	0	0	0	0	0	0	1	1	0	0	0	0	0	0	0	0	4	0	0	2	0	0	0	0	0	0	0	0	0	1372	0	0	0	0	0	0	0	0	0	1	1	0	0	86	0	0	0	2	0	0	0	0	0	0	88	0
OTU161	0	0	0	0	0	0	3	2	1	3	0	3	1	2	0	0	1	0	0	2	0	0	0	0	0	0	0	0	0	0	3	0	2	1	0	0	0	0	0	1793	673	8	1	6	0	0	1	5	1	1	4	1	0	854	0	0	0	1	0	2	3	0	0	3	2	0	0	0	3	1	0	0	0	1	0	2	2	0	1	0	0	6	0	0	0	0	0	0	2	3
OTU162	0	0	0	0	0	0	0	0	2	0	0	0	9	0	0	0	0	0	0	0	2	0	0	0	0	0	9	0	4	0	0	0	0	2	0	19	0	0	0	0	0	34	0	0	0	105	2	101	21	20	51	1335	0	0	0	22	1	9	0	39	0	10	0	0	0	0	0	0	0	4	0	0	38	1	0	0	0	0	0	0	0	39	3	0	37	0	0	58	0	9
OTU163	0	0	0	0	0	0	0	0	0	0	0	1	0	0	0	0	24	0	0	0	0	106	0	43	19	8	56	0	3	0	0	0	0	0	0	0	0	0	0	566	454	10	0	0	0	2	0	0	1	9	2	0	0	457	0	0	0	0	0	0	0	0	1	0	0	0	0	0	0	19	0	277	0	8	0	0	0	3	0	10	0	24	0	0	1	12	0	0	3	0
OTU164	0	0	0	0	0	0	5	0	0	2	2	0	0	5	0	0	0	0	41	2	1	0	0	4	20	3	275	1	0	0	0	0	0	0	1	1	0	0	0	194	130	2	0	0	33	4	43	0	20	7	30	0	29	133	0	0	1	0	0	1	17	0	2	13	0	0	1	0	32	0	0	0	0	3	0	5	1	2	0	1	1	6	1	2	0	1	0	2	0	1
OTU165	0	0	0	0	0	0	0	0	0	0	0	0	0	0	0	0	0	0	0	0	497	0	0	0	0	0	0	0	0	0	0	0	0	0	0	0	0	0	0	0	0	0	583	0	0	1	0	0	0	0	0	0	0	0	0	0	0	0	0	0	0	0	0	0	0	0	0	0	0	0	0	0	322	0	0	0	0	0	0	0	0	0	0	0	0	0	0	0	0	0
OTU166	0	0	0	0	0	0	0	0	0	0	0	0	0	0	0	0	0	0	0	0	0	0	0	0	0	0	0	0	0	0	0	0	0	0	0	0	0	0	0	0	0	0	0	0	0	0	0	0	0	0	0	0	0	0	0	0	0	0	0	0	0	0	0	0	0	0	0	0	0	0	0	0	0	0	0	0	0	0	0	0	0	0	0	0	0	1108	18	0	0	0
OTU167	0	0	0	0	0	0	0	0	0	0	0	0	0	20	0	7	0	0	0	0	8	2	0	0	0	0	0	0	207	0	0	1030	0	0	0	19	0	0	0	0	0	0	16	0	0	3	0	0	3	0	2	0	0	0	0	0	0	0	0	0	27	5	0	0	0	0	0	0	0	2	0	0	0	0	0	0	0	0	13	0	0	0	0	0	0	0	0	6	0	0
OTU168	0	0	0	0	0	0	24	7	0	1	10	2	37	91	4	6	0	3	0	0	39	2	0	1	17	3	1	0	28	0	7	2	5	2	12	11	1	0	30	46	39	6	2	3	2	1	1	1	1	16	13	56	184	51	6	9	4	1	9	8	0	22	0	27	0	26	5	1	5	48	0	1	37	24	38	39	21	1	1	96	5	10	0	1	2	20	88	1	1	5
OTU169	0	0	0	0	0	0	0	0	8	0	3	0	10	1	0	5	3	1	0	9	2	0	2	0	6	0	0	7	0	0	0	2	0	2	0	1	0	0	60	0	2	8	1	0	0	3	0	9	0	2	1	0	0	1	0	0	0	5	0	3	0	10	0	0	272	293	0	0	0	6	1	9	0	0	0	0	2	1	1	18	0	1	0	0	0	0	1	1	27	3
OTU170	0	0	0	0	0	0	6	0	3	0	0	0	4	11	0	10	0	0	9	0	9	7	0	0	2	0	22	0	62	14	0	131	15	0	0	16	0	1	1	5	2	2	4	8	0	4	5	23	0	8	2	7	7	6	2	1	0	0	0	6	133	4	22	10	0	0	0	3	0	0	1	0	6	0	0	4	10	0	0	8	0	4	4	0	0	141	2	0	3	23
OTU171	0	0	0	0	0	0	16	0	0	5	0	0	7	123	8	0	0	0	41	1	0	45	0	3	163	21	83	0	0	0	0	0	23	0	0	19	0	0	5	35	30	32	0	0	20	1	0	0	17	28	28	0	26	29	1	0	0	0	12	2	0	0	0	0	0	0	0	0	38	0	0	0	0	0	11	22	18	0	0	18	0	36	1	0	1	3	4	0	1	3
OTU172	0	0	0	0	0	0	0	0	0	0	0	0	0	0	1	0	0	0	52	0	0	0	0	0	0	0	0	0	0	0	0	0	241	0	0	76	0	0	0	0	0	0	0	0	0	0	0	0	0	0	0	0	0	0	0	0	0	0	0	0	0	0	0	0	616	0	0	0	0	0	0	0	0	0	0	0	0	0	0	0	0	0	0	0	0	0	0	0	0	0
OTU173	0	0	0	0	0	0	0	0	0	0	0	0	0	0	0	0	0	0	0	0	0	0	0	0	0	0	0	0	0	0	0	0	0	0	0	1	0	0	0	0	0	0	0	0	0	0	0	0	0	0	0	0	831	0	0	0	0	0	0	0	0	0	0	0	0	0	0	0	0	0	0	0	0	0	0	0	0	0	0	0	0	0	0	0	0	0	0	0	0	0
OTU174	0	0	0	0	0	0	1	0	1	0	0	0	1	2	4	0	5	25	1	202	204	0	0	3	9	0	22	0	6	15	12	0	0	0	0	28	0	0	0	0	1	1	0	1	0	1	13	10	18	4	41	0	0	1	0	165	0	1	0	1	0	2	0	12	0	0	39	0	2	0	0	0	12	0	0	1	7	5	0	5	0	1	0	0	17	0	0	0	16	0
OTU175	0	0	0	0	0	0	0	0	0	0	0	0	0	0	0	0	0	0	0	0	0	0	0	0	0	0	0	0	0	0	0	0	2	0	0	5	0	0	0	0	0	1	0	0	0	0	0	0	0	0	0	0	0	0	0	0	0	0	0	0	0	0	3	0	0	31	0	0	0	0	0	0	0	0	0	0	0	0	0	763	0	1	0	0	0	0	0	19	0	15
OTU176	0	0	0	0	0	0	0	0	0	0	0	0	0	0	0	4	0	3	0	1	7	0	0	0	10	0	0	0	4	0	0	0	0	1	0	21	0	0	0	162	116	0	67	0	0	1	0	1	27	1	39	0	2	166	1	0	8	0	0	0	39	0	0	8	0	0	0	0	0	0	0	0	0	9	0	0	0	0	0	43	0	3	4	0	0	1	30	0	0	0
OTU177	0	0	0	0	0	0	181	0	0	2	0	1	58	0	4	0	22	0	0	0	7	0	0	0	0	1	0	6	7	0	6	4	3	0	0	0	0	1	18	1	1	17	0	0	0	3	1	4	9	20	24	0	0	0	1	0	0	0	32	13	0	0	2	0	0	8	7	0	1	10	0	0	1	0	0	196	196	19	1	13	3	12	0	11	0	0	0	4	19	7
OTU178	0	0	0	0	0	0	0	0	0	0	0	0	0	0	0	0	143	0	16	0	0	1	0	0	0	0	0	0	0	0	2	0	51	0	0	0	0	0	6	0	0	37	0	0	0	0	0	0	0	44	0	0	0	0	0	0	0	0	0	0	0	0	0	0	0	0	0	0	0	0	0	0	0	0	0	0	0	156	0	0	0	41	0	0	0	0	0	0	205	0
OTU179	0	0	0	0	0	0	0	218	3	0	1	13	0	0	0	0	3	0	0	0	0	0	0	0	0	0	9	0	0	1	0	59	0	0	0	10	0	0	0	32	23	0	0	0	4	0	0	0	3	2	3	0	2	24	0	44	1	3	0	0	0	0	0	34	0	0	0	0	63	0	0	0	0	19	4	0	0	0	0	85	0	3	4	3	1	0	0	0	11	0
OTU180	0	0	0	0	0	0	0	0	0	0	0	0	4	0	0	0	0	0	0	0	0	0	0	0	0	0	0	0	0	0	0	0	0	0	0	0	0	0	0	0	0	0	0	0	0	0	0	0	0	0	0	0	0	0	0	2	0	0	0	0	0	0	0	0	0	0	0	0	0	0	0	0	0	0	605	0	0	0	0	0	0	0	29	0	0	0	0	0	0	0
OTU181	0	0	0	0	0	0	5	0	2	3	2	3	5	0	1	1	44	20	0	26	19	42	0	0	4	6	8	47	22	0	9	21	6	1	0	9	0	0	8	26	18	10	9	0	11	3	3	33	3	9	10	32	0	10	0	0	0	4	4	94	13	7	5	4	0	0	1	5	17	7	0	84	16	5	3	3	3	78	0	6	0	14	2	0	1	37	4	9	17	16
OTU182	0	0	0	0	0	0	0	0	1	0	0	0	2	91	0	2	32	0	0	1	0	0	58	0	0	0	0	0	0	0	0	0	0	0	0	3	0	0	0	4	4	2	0	0	0	0	9	4	1	3	0	3	1	4	0	0	0	22	0	3	46	2	0	0	220	0	0	0	0	0	7	3	0	0	0	0	0	6	0	2	0	4	0	0	0	0	0	0	31	0
OTU183	0	0	0	0	0	0	0	0	0	0	0	0	0	0	0	0	0	0	0	33	0	0	0	0	0	0	0	0	0	0	0	0	0	0	0	0	0	0	0	0	0	0	0	0	0	0	562	0	0	0	0	0	0	0	0	0	0	0	0	2	0	0	0	2	0	0	0	0	0	31	0	0	0	0	0	0	0	0	0	0	0	0	0	0	0	0	10	0	0	0
OTU184	0	0	0	0	0	0	0	0	0	0	0	0	1	0	0	0	9	0	0	5	0	9	31	0	0	0	0	15	0	0	0	0	0	0	0	0	0	0	0	0	0	0	0	0	0	0	0	0	0	0	0	0	0	0	0	0	0	0	0	0	9	1	62	0	420	0	0	47	0	0	0	87	16	0	0	0	0	5	42	0	0	0	0	0	0	0	0	0	3	0
OTU185	0	0	0	1	0	0	0	9	0	1	0	4	8	1	0	32	6	0	3	8	9	16	0	0	2	0	0	1	16	0	1	1	4	0	0	5	0	1	2	4	1	6	0	6	1	16	3	53	8	11	13	76	4	4	1	2	1	1	11	17	11	15	8	5	0	0	2	6	4	65	0	0	16	1	2	2	1	14	0	35	0	11	7	0	4	0	0	8	15	24
OTU186	0	0	0	0	0	0	0	0	0	0	0	0	0	0	0	0	0	0	0	0	0	0	0	0	0	0	0	0	0	0	0	751	0	0	0	0	0	0	0	0	0	0	0	0	0	0	0	0	0	0	0	0	0	0	0	0	0	0	0	0	0	0	0	0	0	0	0	0	0	0	0	0	0	0	0	0	0	0	0	0	0	0	0	0	0	0	0	0	0	0
OTU187	0	0	0	0	0	0	0	0	0	0	0	0	0	0	0	0	0	0	0	0	0	0	0	0	0	0	0	0	0	0	0	0	0	0	0	0	0	0	0	0	0	623	0	0	0	0	0	0	0	0	0	0	0	0	0	0	0	0	0	0	0	0	0	0	0	0	0	0	0	0	0	0	0	0	0	0	0	0	0	0	0	0	0	0	0	0	0	0	0	0
OTU188	0	0	0	0	0	0	0	0	0	0	0	1	47	0	0	0	0	0	0	36	12	50	0	0	0	1	2	0	35	0	0	0	2	0	0	0	0	4	0	11	3	16	0	0	0	4	1	34	3	6	7	151	0	2	0	15	0	0	0	56	0	54	0	0	0	0	0	8	1	6	0	0	0	2	0	0	0	0	0	0	0	36	7	0	26	0	0	59	0	1
OTU189	0	0	0	0	0	0	0	316	0	0	0	0	0	0	0	0	0	0	0	0	3	0	0	0	0	0	0	0	0	0	0	0	0	0	0	0	0	0	0	0	0	0	0	0	0	0	0	1	0	0	0	0	0	0	0	0	14	0	0	0	296	0	0	0	0	0	0	0	0	0	0	0	0	0	0	0	0	0	0	0	0	0	0	0	0	0	0	0	0	0
OTU190	0	0	0	0	0	0	3	0	0	1	5	7	14	0	0	0	14	28	1	12	0	0	5	0	3	0	1	0	24	7	5	2	4	0	0	3	0	0	0	0	0	3	0	0	24	0	73	18	0	2	6	26	0	1	3	7	4	0	14	18	0	14	0	94	2	43	0	8	6	24	0	6	10	24	3	1	1	0	2	25	0	8	0	0	49	0	0	1	0	27
OTU191	0	0	0	0	0	0	2	0	0	0	0	1	0	0	0	8	18	0	0	0	88	0	0	0	2	0	0	4	2	7	0	0	0	0	0	0	0	0	39	24	18	6	0	24	0	2	0	0	0	19	0	0	23	23	1	55	3	0	1	1	54	58	0	0	0	0	0	0	0	79	0	2	3	0	0	4	5	9	0	0	0	20	0	10	0	0	0	0	11	0
OTU192	0	0	0	0	0	0	0	5	0	0	2	0	5	0	0	0	0	0	0	0	2	0	0	0	1	0	0	1	8	0	0	70	1	0	0	52	0	0	130	0	0	48	0	0	1	6	0	5	6	30	5	31	0	0	0	0	0	0	2	3	0	12	0	0	0	0	0	0	0	20	0	0	41	2	3	0	0	0	0	26	0	53	0	0	0	0	0	105	0	0
OTU193	0	0	0	0	0	0	3	0	0	0	0	95	22	0	10	0	5	0	0	55	251	0	0	0	6	4	1	2	7	0	0	0	20	0	2	4	0	0	0	16	15	41	0	8	0	12	0	0	0	29	0	0	0	14	1	0	2	24	0	0	0	0	0	0	1	0	0	0	7	10	0	0	2	0	0	4	5	21	0	0	0	64	0	0	0	0	0	4	8	0
OTU194	0	0	0	0	0	0	0	0	0	0	0	0	0	0	0	0	0	0	0	0	0	0	0	0	0	16	0	179	0	0	0	0	0	0	0	0	0	0	1	0	0	0	0	24	17	1	0	0	0	0	0	0	214	0	0	0	0	0	0	0	0	386	0	0	0	0	0	0	0	0	0	0	0	0	0	0	0	0	0	0	0	0	0	0	0	0	0	0	0	0
OTU195	0	0	0	0	0	0	0	0	0	0	0	0	0	0	0	0	0	0	0	0	0	0	0	467	205	0	0	0	0	0	0	0	0	0	0	0	0	0	0	0	0	0	0	0	0	0	0	0	0	0	0	0	0	0	0	0	0	0	0	0	1	0	0	0	0	0	0	0	0	0	0	0	0	36	0	0	0	0	0	0	0	0	4	0	0	0	0	0	0	0
OTU196	0	0	0	0	0	0	0	0	0	3	0	2	12	0	1	48	18	4	13	15	4	3	0	0	3	0	0	0	7	0	13	2	13	0	0	1	0	0	0	8	4	6	9	0	0	18	0	21	6	8	9	13	6	1	0	0	0	3	14	0	46	0	2	0	31	147	0	0	0	32	0	0	0	0	0	0	0	4	0	11	1	8	0	0	0	0	68	1	0	56
OTU197	0	0	0	0	0	0	10	0	15	11	0	14	1	5	128	6	3	1	13	30	7	13	0	19	2	0	10	0	3	5	1	0	14	16	17	7	4	0	0	4	2	3	14	10	0	7	1	4	6	0	13	6	15	2	9	5	0	5	3	16	11	4	0	35	0	2	4	3	0	1	2	1	2	6	1	13	27	3	0	5	3	0	8	7	0	0	0	0	12	34
OTU198	0	0	0	0	0	0	0	0	3	0	0	0	0	0	0	0	0	0	0	0	0	0	0	16	0	0	0	0	0	112	5	0	0	0	0	118	0	0	0	15	7	0	0	0	0	0	0	201	1	0	14	0	0	7	0	0	2	0	0	0	0	0	3	0	0	0	0	0	1	0	0	1	0	0	37	0	0	0	0	0	0	0	0	0	0	0	0	0	0	20
OTU199	0	0	0	0	0	0	0	0	0	0	0	0	0	0	0	0	0	0	0	0	0	0	0	0	0	0	0	0	0	7	4	0	0	0	0	0	0	0	0	4	5	0	0	0	1	27	2	21	0	3	0	502	0	3	0	0	0	0	0	5	0	0	0	4	0	0	0	0	0	2	0	0	0	0	0	1	0	0	0	3	3	1	0	0	0	0	0	0	0	3
OTU200	0	0	0	0	0	0	1	3	0	0	0	0	12	0	13	35	0	0	0	4	3	0	5	0	8	0	0	0	13	0	0	26	9	0	0	74	0	0	0	0	0	0	30	6	0	0	0	0	2	0	5	0	2	0	0	0	0	0	4	49	267	1	0	3	0	0	0	0	0	2	0	5	10	24	0	0	0	0	40	4	0	0	0	0	0	0	0	2	0	1
OTU201	0	0	0	0	0	0	0	0	0	0	0	0	0	0	0	0	0	0	0	0	2	0	0	0	0	0	0	4	69	4	0	0	0	0	0	0	0	0	16	63	40	31	0	24	0	4	0	0	0	20	0	0	24	41	2	271	0	0	2	3	2	9	0	0	0	0	0	0	0	35	0	0	0	1	0	0	0	0	0	0	0	14	0	3	0	0	0	0	0	4
OTU202	0	0	0	0	0	0	0	0	0	0	0	51	0	13	0	0	0	0	149	0	0	0	0	29	140	0	39	0	0	0	0	0	0	0	0	0	0	0	0	5	5	0	0	20	99	0	0	0	26	1	48	0	30	7	99	41	44	0	0	0	0	2	0	0	0	0	0	0	44	0	0	0	0	0	0	0	0	0	0	0	0	0	10	0	62	48	1	0	0	0
OTU203	0	0	0	0	0	0	0	23	0	7	0	0	1	0	0	2	0	0	0	0	1	0	0	0	0	0	0	0	45	2	0	0	0	0	0	0	0	0	0	0	0	0	0	2	0	111	0	75	0	0	0	0	31	0	0	33	0	1	0	115	0	11	0	0	0	0	1	0	9	0	0	0	91	0	0	0	0	0	0	0	0	0	1	0	0	0	0	0	0	0
OTU204	0	0	0	0	0	0	0	0	0	0	0	0	0	0	0	0	0	0	522	0	0	0	0	0	0	0	0	0	0	0	0	0	5	26	0	0	0	0	0	0	0	0	0	0	0	0	0	0	0	0	0	0	0	0	0	0	0	0	0	0	0	0	0	0	0	0	0	0	0	0	0	0	0	0	0	0	0	0	0	0	0	0	0	0	0	0	0	0	0	20
OTU205	0	0	0	0	0	0	0	0	0	0	0	0	0	0	0	0	0	0	0	0	0	0	0	0	0	0	0	0	0	0	0	0	0	0	0	53	0	0	0	0	0	0	0	0	0	0	0	0	0	0	0	0	0	0	0	0	0	0	0	0	343	0	0	0	0	0	0	0	0	0	0	0	0	0	0	0	0	0	0	0	0	0	0	0	0	0	0	0	0	247
OTU206	0	0	0	0	0	0	1	0	0	0	0	0	30	0	0	8	1	0	0	25	10	14	0	0	0	0	0	6	13	0	0	4	14	0	0	1	0	0	37	2	1	7	1	0	0	12	0	32	0	7	4	82	0	0	0	0	0	2	1	55	2	8	0	0	0	57	0	8	0	4	0	1	30	0	0	0	2	6	1	15	0	12	0	0	0	0	0	17	10	12
OTU207	0	0	0	0	0	0	29	0	0	0	9	1	0	9	3	0	0	1	93	16	9	0	0	0	0	0	0	0	8	0	59	46	5	4	0	29	0	2	0	0	0	1	0	0	4	0	0	0	2	1	6	0	5	0	0	2	6	0	0	1	21	0	0	140	0	1	1	0	0	0	4	0	0	161	1	59	25	0	0	0	1	2	0	1	0	0	2	0	0	66
OTU208	0	0	0	0	0	0	0	0	2	3	0	1	2	0	0	0	75	0	3	0	2	0	0	0	0	0	0	0	0	0	0	0	1	2	0	3	0	1	0	31	17	10	0	0	0	14	0	14	2	9	4	1	27	11	0	2	0	0	0	47	0	1	0	0	0	0	6	0	3	0	0	45	0	0	2	0	0	79	0	0	0	4	0	1	0	0	0	0	103	0
OTU209	0	0	0	0	0	0	0	0	0	0	0	0	0	0	0	0	0	0	275	0	0	0	0	48	0	0	0	0	0	0	0	0	7	0	0	0	0	0	0	0	0	0	0	0	51	0	0	0	0	0	0	0	7	0	0	0	63	0	0	0	0	0	0	0	0	0	0	0	0	0	0	0	0	0	0	0	0	0	0	0	0	0	0	0	26	0	0	0	0	0
OTU210	0	0	0	0	0	0	15	16	14	8	4	6	43	5	2	6	12	15	1	38	42	24	4	0	12	0	0	5	11	8	15	8	1	10	3	2	0	5	12	17	8	27	9	4	5	36	9	38	4	18	3	82	11	10	3	0	6	27	11	61	10	10	3	6	0	42	9	5	7	144	1	11	27	45	2	13	10	37	0	19	0	47	8	0	10	11	42	11	17	46
OTU211	0	0	0	0	0	0	0	0	0	0	13	5	79	0	0	0	117	0	0	13	24	0	64	0	0	0	0	0	19	0	16	40	0	6	11	0	0	0	4	10	9	0	448	0	7	0	0	51	0	2	0	0	6	12	2	0	0	2	0	107	3625	0	3104	0	11	15	0	0	0	14	0	14	10	0	0	0	0	183	0	0	0	1	0	8	0	0	0	22	204	4
OTU212	0	0	0	0	0	0	5	81	0	1	0	1	7	2	4	3	1	2	3	5	0	34	9	0	0	0	5	3	4	10	2	21	7	0	0	5	1	2	36	7	4	17	0	2	9	7	3	9	1	11	4	11	5	8	4	0	0	3	1	7	1	0	1	2	0	0	0	7	1	2	0	0	5	9	6	7	3	0	24	18	3	12	0	2	2	0	4	1	11	5
OTU213	0	0	0	0	0	0	0	12	0	0	0	0	160	0	0	2	0	2	0	0	0	0	0	0	0	0	0	20	71	0	0	1	0	0	0	10	0	0	20	1	0	60	0	0	0	0	0	15	0	64	2	0	0	0	0	0	0	0	26	0	6	85	30	0	197	15	0	0	0	68	0	1	0	0	1	0	0	0	0	8	0	55	0	0	0	0	0	5	0	1
OTU214	0	0	0	0	0	0	1	1567	0	0	57	1	1595	0	0	15	0	0	0	34	1	0	300	1	0	0	0	7	19	0	0	0	1	0	0	107	0	0	12	0	0	0	0	0	1	36	0	11	4	0	4	103	0	0	0	0	0	11	19	11	0	0	0	0	1	121	1	14750	0	9	0	0	1189	1	0	0	2	0	33	7	0	2	0	0	0	0	0	6635	0	0
OTU215	0	0	0	0	0	0	1	0	0	0	1	0	0	0	0	0	0	2	4	3	54	0	1	2	1	0	0	0	0	0	0	0	0	0	0	0	2	0	0	9	6	1	3	0	7	0	0	0	0	2	0	0	2	4	0	0	1	0	0	1	295	2	0	41	0	0	0	0	0	9	0	0	0	0	0	3	3	6	0	0	0	3	1	0	0	0	0	0	1	2
OTU216	0	0	0	0	0	0	0	0	1	0	0	19	6	0	42	6	0	54	0	0	24	0	0	1	34	2	0	0	7	33	9	5	0	0	19	2	0	0	4	0	0	0	9	11	2	3	0	27	8	0	10	0	5	0	0	0	0	0	0	7	361	19	67	0	0	66	0	0	0	6	0	4	0	0	0	0	0	0	1	8	0	0	6	1	6	0	38	5	0	13
OTU217	0	0	0	502	0	0	0	0	0	0	0	0	0	0	0	0	0	0	0	0	0	0	0	0	0	0	0	0	0	0	0	0	0	0	0	0	0	0	0	0	0	0	0	0	0	0	0	0	0	0	0	0	0	0	0	0	0	0	0	0	0	0	0	0	0	0	0	0	0	0	0	0	0	0	0	0	0	0	0	0	0	0	0	0	0	0	0	0	0	0
OTU218	0	0	0	0	0	0	3	0	0	5	6	5	26	9	0	0	7	0	0	9	4	0	113	0	0	0	0	0	9	12	11	29	0	16	16	1	1	2	0	6	3	3	0	0	1	8	2	31	1	1	3	20	11	5	0	1	0	3	10	5	0	4	0	8	0	0	0	0	0	1	3	0	0	6	0	4	1	3	0	5	1	1	0	0	15	0	5	0	15	14
OTU219	0	0	0	0	0	0	0	0	2	0	0	0	0	0	0	0	0	0	0	0	12	1	0	0	3	0	0	0	86	0	0	0	3	0	0	0	0	0	94	0	0	0	0	0	0	14	0	4	16	0	20	6	0	0	0	0	9	0	0	221	0	0	0	0	16	0	0	0	60	280	2	0	48	0	0	0	0	0	0	65	0	0	1	0	0	0	0	0	0	0
OTU220	0	0	0	0	0	0	0	440	0	0	0	0	0	0	0	0	0	0	0	0	0	0	0	0	0	0	0	0	0	0	0	0	0	0	0	0	0	0	0	0	0	0	0	0	0	0	0	0	0	0	0	0	0	0	0	0	0	0	0	0	0	0	0	0	0	0	0	0	0	0	0	0	0	0	0	0	0	0	0	0	0	0	0	0	0	0	0	0	0	0
OTU221	0	0	0	0	0	0	24	0	106	3	1	9	0	4	1	0	6	0	0	2	2	0	3	0	0	0	0	3	2	1	28	0	3	8	2	9	2	109	1	3	5	1	8	0	1	0	103	4	1	10	3	3	20	7	0	0	0	13	0	1	1	2	70	19	1	1	0	0	0	1	1	8	0	1	3	20	16	3	4	3	23	6	0	1	1	0	6	0	2	1
OTU222	0	0	0	0	0	0	0	559	0	0	0	0	0	0	0	0	0	0	0	0	0	0	0	0	0	0	0	0	0	0	0	0	0	0	0	0	0	0	0	0	0	0	0	0	0	0	0	0	0	0	0	0	0	0	0	0	0	0	0	0	0	0	0	0	0	0	0	0	0	45	0	0	0	0	0	0	0	0	0	0	0	0	0	0	0	0	0	0	0	0
OTU223	0	0	0	0	0	0	0	0	0	0	0	0	0	0	0	0	0	0	0	4	0	0	0	0	0	0	0	0	0	0	0	0	0	0	0	67	0	0	0	0	0	0	0	0	0	0	0	0	0	0	0	0	0	0	0	0	0	0	0	0	0	0	0	8	0	5	0	0	0	0	0	0	0	0	0	0	0	0	0	0	0	0	0	0	0	0	0	0	0	353
OTU224	0	0	0	0	0	0	7	0	0	1	0	0	4	0	31	0	0	0	0	1	0	0	0	0	0	0	0	0	0	0	0	0	3	0	0	3	0	0	0	109	110	13	0	0	14	0	0	0	0	6	0	0	0	76	0	0	0	0	0	1	0	0	0	0	0	0	0	0	0	0	0	0	0	0	0	2	5	0	0	0	0	5	0	0	0	0	0	0	0	13
OTU225	0	0	0	0	0	0	58	71	58	3	0	19	33	10	8	1	10	5	5	26	92	1	5	3	4	57	68	1	44	2	4	0	13	8	0	113	0	4	21	36	38	56	3	16	7	30	79	15	18	58	26	45	18	60	14	7	7	4	2	91	13	14	22	21	0	0	2	0	0	32	1	411	78	35	31	44	34	4	0	50	80	30	2	7	12	11	0	9	2	47
OTU226	0	0	0	0	0	0	44	0	3	5	0	22	6	0	8	2	2	4	63	1	7	5	0	10	0	0	0	5	3	0	0	0	1	0	0	7	38	0	0	2	1	1	0	3	1	0	0	6	3	1	5	0	2	4	11	0	0	2	0	3	0	2	2	8	0	14	0	0	0	1	6	0	17	2	2	56	32	0	0	7	0	1	4	0	2	107	4	1	0	4
OTU227	0	0	0	0	0	0	0	0	0	0	0	0	0	0	0	0	0	0	0	0	0	0	0	0	0	0	0	0	0	0	0	0	0	0	0	0	0	0	0	0	0	0	0	0	0	382	0	0	0	0	0	0	0	0	0	0	0	0	0	0	0	0	0	0	0	0	0	0	0	0	0	0	0	0	0	0	0	0	0	0	0	0	0	0	0	0	0	0	0	0
OTU228	0	0	0	0	0	0	0	0	0	0	0	0	0	0	0	0	0	0	0	0	0	0	0	0	0	0	0	0	1	0	0	0	0	0	0	0	0	0	0	0	0	0	0	0	0	0	0	0	0	0	0	0	0	0	0	0	0	0	0	0	0	0	0	0	0	0	0	0	0	340	0	0	0	0	0	0	0	0	0	0	0	0	0	0	0	0	0	0	0	0
OTU229	0	0	0	0	0	0	0	401	0	0	0	0	3	0	0	0	0	0	0	0	0	0	0	0	0	0	0	0	0	0	0	0	0	0	0	0	0	0	0	0	0	0	0	0	0	0	0	1	0	0	0	4	0	0	0	0	0	0	0	0	0	0	0	0	1	0	0	0	0	0	0	0	0	0	0	0	0	0	0	0	0	0	0	0	0	0	0	0	0	0
OTU230	0	0	0	0	0	0	0	0	0	0	0	0	0	1	0	0	0	0	0	0	3	0	0	0	0	0	0	0	0	0	0	0	0	0	0	0	1	0	0	0	0	0	3	0	0	0	0	0	0	0	0	0	0	0	0	0	0	0	0	0	0	0	0	0	0	0	0	344	0	0	0	0	1	0	0	0	0	0	0	0	0	0	0	0	0	0	0	0	0	0
OTU231	0	0	0	0	0	0	1	0	3	0	13	4	17	10	0	0	2	14	1	38	5	5	29	0	0	0	0	21	0	0	5	0	0	0	6	4	0	0	0	6	2	1	2	0	0	24	0	1	3	2	3	13	0	1	3	0	2	18	33	16	0	4	2	0	0	0	0	4	1	3	6	1	14	0	1	0	0	7	5	1	0	0	0	0	1	6	0	1	14	4
OTU232	0	0	0	0	0	0	0	0	0	0	0	0	0	1	0	0	2	3	0	2	3	0	60	0	0	0	0	26	0	0	5	0	0	85	0	0	0	2	0	0	1	0	2	0	2	0	0	0	0	1	0	18	1	0	0	0	4	15	0	1	0	0	0	1	0	0	7	0	28	1	0	1	2	0	0	0	0	3	0	5	0	0	0	0	0	0	53	1	3	1
OTU233	0	0	0	0	0	0	0	0	0	0	0	0	0	0	100	0	0	0	0	0	0	0	0	0	0	0	0	0	0	0	0	0	2	0	0	260	0	0	0	0	0	0	0	0	0	0	0	0	0	0	0	0	0	0	0	0	0	0	0	0	0	0	0	0	0	0	0	0	0	0	0	0	0	0	0	0	0	0	0	0	0	1	0	0	0	0	0	0	0	0
OTU234	0	0	0	0	0	0	0	0	0	0	0	0	0	0	0	0	0	0	0	0	0	0	0	0	0	0	0	0	0	0	0	0	0	0	0	0	0	0	0	0	0	0	0	0	0	0	0	0	0	0	0	0	0	0	0	0	0	0	0	0	0	0	0	0	0	0	0	0	0	0	0	0	0	0	0	0	0	0	0	0	0	0	0	0	0	0	0	0	0	0
OTU235	0	0	0	0	0	0	1	1	1	0	0	1	1	0	0	1	22	2	4	15	5	1	5	3	0	0	0	0	3	0	22	0	0	4	0	1	1	0	0	6	4	0	0	0	3	18	2	26	3	4	3	30	0	2	0	0	0	0	0	19	0	0	1	1	0	0	0	0	8	0	0	0	2	0	0	0	0	94	0	13	0	3	0	0	8	0	9	0	35	4
OTU236	0	0	0	0	0	0	0	0	0	0	0	0	0	0	11	0	0	0	0	0	0	0	0	0	0	0	0	0	0	0	0	0	0	0	0	29	0	0	0	0	0	0	0	0	0	0	1	0	0	0	0	0	64	0	2	0	0	0	0	4	0	0	0	0	0	0	0	330	0	0	0	0	0	0	0	0	0	0	0	0	0	0	0	0	0	0	0	0	0	0
OTU237	0	0	0	0	0	1	0	0	0	0	3	0	13	15	0	94	17	0	2	43	0	30	14	0	7	0	0	2	688	0	3	183	100	0	4	403	0	1	123	25	21	47	55	0	1	444	0	15	0	50	6	35	1	26	0	1	0	18	0	402	9	4077	0	0	25	320	1	0	1	111	4	1	566	2	0	0	0	0	0	160	1	65	0	0	0	0	0	211	4	5220
OTU238	0	0	0	0	0	0	0	0	0	0	0	0	0	0	0	0	0	0	0	0	0	0	0	0	0	0	0	0	0	0	0	0	0	0	0	34	0	0	0	0	0	0	0	0	0	0	0	0	0	0	0	0	0	0	0	0	0	0	0	0	293	0	0	0	37	0	0	0	0	0	0	0	0	0	0	0	0	0	0	0	0	0	0	0	0	0	0	0	0	0
OTU239	0	0	0	0	0	0	0	0	0	0	63	0	0	0	0	1	0	0	0	1	0	0	0	0	0	0	0	15	2	0	0	0	0	0	2	0	0	0	0	0	0	0	0	0	0	0	0	5	0	0	0	1	0	0	0	0	1	20	0	0	0	0	272	0	0	0	0	0	0	4	21	0	2	0	0	0	0	0	13	1	0	0	0	0	0	0	0	5	0	0
OTU240	0	0	0	0	0	0	3	0	1	0	0	0	0	0	0	4	0	17	0	0	1	180	11	0	0	0	0	0	0	0	0	0	71	0	0	1	0	0	0	0	0	0	0	0	0	0	0	39	2	0	2	0	0	0	0	0	0	0	0	18	0	0	9	4	0	0	0	0	0	0	0	0	0	0	0	4	1	0	0	0	0	0	2	0	0	0	0	0	0	9
OTU241	0	0	0	0	0	0	0	0	0	0	0	0	0	0	0	0	0	0	0	0	0	0	0	0	0	0	0	0	1	0	0	0	165	3	0	0	0	0	0	0	0	0	0	0	1	0	0	0	0	0	1	0	2	0	0	0	0	0	0	240	0	1	0	0	0	0	0	0	0	0	0	0	0	0	0	0	0	0	0	0	0	0	0	0	0	0	0	0	0	187
OTU242	0	0	0	0	0	0	0	0	0	0	0	0	119	0	0	0	0	0	0	0	0	0	0	0	0	0	0	357	0	0	0	0	0	0	0	0	0	0	0	0	0	0	0	0	0	0	0	0	0	0	0	0	0	0	0	0	0	0	0	0	0	0	0	0	0	0	0	0	0	0	0	0	0	0	0	0	0	0	0	0	0	0	0	0	0	0	0	0	0	0
OTU243	0	0	0	0	0	0	1	0	0	1	0	1	2	1	0	0	0	0	3	18	0	22	0	0	0	0	8	5	1	1	0	0	28	0	0	1	0	0	0	23	8	1	0	0	35	0	3	0	3	6	1	18	3	15	2	0	0	0	0	0	0	0	0	6	0	0	0	0	2	4	1	0	0	0	109	0	0	0	0	0	0	0	0	0	2	0	0	0	0	0
OTU244	0	0	0	0	0	0	0	3	2	0	4	0	4	2	1	9	1	0	0	16	2	4	18	0	3	0	0	7	24	0	2	0	4	0	0	2	0	0	75	0	1	7	7	0	0	3	0	12	0	5	0	4	0	0	0	0	0	2	19	0	0	0	3	2	40	9	0	4	0	9	0	6	7	0	0	1	0	0	0	27	0	2	0	0	0	0	0	7	0	0
OTU245	0	0	0	0	0	0	11	51	0	0	0	0	3	3	0	3	2	0	0	0	16	0	0	0	0	0	0	0	0	0	0	20	0	0	0	3	0	0	9	1	1	4	1	0	0	0	0	4	0	1	0	0	0	0	0	2	0	0	0	0	166	12	0	0	0	0	2	0	0	3	0	0	0	1	1	8	7	2	1	2	0	7	0	0	0	0	0	0	0	0
OTU246	0	0	0	0	0	0	0	0	0	0	0	0	0	0	0	0	0	0	0	0	0	0	0	0	8	52	75	0	0	0	0	0	0	0	0	0	0	0	13	13	25	0	0	0	0	0	0	1	0	1	0	0	0	28	0	0	0	0	0	0	0	0	0	0	0	0	0	0	0	0	0	0	0	0	0	0	0	0	0	27	0	0	108	0	0	0	0	0	0	0
OTU247	0	0	0	0	0	0	1	6	0	0	0	0	0	2	0	54	0	0	0	23	0	0	32	1	0	0	0	4	17	0	2	4	0	0	0	2	0	0	21	1	1	1	9	0	0	6	0	16	3	6	4	7	0	0	0	0	0	0	13	0	0	0	0	1	24	0	0	0	0	7	4	6	7	0	3	0	1	4	5	3	0	3	0	0	0	1	0	7	0	0
OTU248	0	0	0	0	0	0	9	0	0	2	0	0	15	0	0	31	19	0	10	34	0	0	8	0	0	0	1	5	0	0	8	0	7	2	0	12	0	0	2	8	2	5	0	0	1	8	3	17	1	1	4	52	1	2	0	0	0	12	16	0	0	3	0	8	0	86	1	1	11	21	0	9	1	1	0	8	2	21	3	7	0	8	0	2	0	1	18	15	9	21
OTU249	0	0	0	0	0	0	0	0	0	0	0	0	0	0	0	0	0	0	0	0	0	0	0	0	0	0	1	0	0	0	0	0	0	0	0	0	0	0	0	0	0	0	0	0	0	0	0	0	60	0	245	0	0	0	0	0	0	0	0	0	0	0	0	0	0	0	0	0	0	0	0	0	0	0	0	0	0	0	0	0	0	0	0	0	0	0	0	0	0	0
OTU250	0	0	0	0	0	0	0	286	0	0	0	0	0	0	0	0	0	0	0	0	0	0	0	0	0	0	0	0	0	0	0	0	0	0	0	0	0	0	0	0	0	0	0	0	0	0	0	0	0	0	0	0	0	0	0	0	0	0	0	0	0	0	0	0	0	0	0	0	0	0	0	0	0	0	0	0	0	0	0	0	0	0	0	0	24	0	0	0	0	0
OTU251	74	0	133	0	0	0	0	0	0	0	0	0	0	0	0	0	0	0	0	1	0	0	0	0	0	0	0	0	0	0	0	5	0	0	0	0	0	0	0	0	0	0	0	0	0	0	0	0	0	0	0	0	2	0	0	0	0	0	0	0	0	0	0	0	0	0	0	0	0	0	0	0	0	0	0	0	0	0	0	0	0	0	0	0	0	0	0	1	0	0
OTU252	0	0	0	0	0	0	2	27	3	1	7	4	4	1	2	115	0	0	3	8	2	5	4	0	11	1	0	0	1	2	0	3	5	8	2	24	0	0	72	2	0	0	14	0	3	11	3	35	2	0	1	21	0	3	3	4	2	0	31	19	10	19	0	2	658	254	0	35	0	2	1	15	14	12	2	1	4	0	5	5	2	1	0	1	0	2	34	0	3	9
OTU253	0	0	0	0	0	0	0	0	0	0	0	0	9	0	0	2	0	0	0	13	0	0	0	0	0	0	0	0	0	0	0	0	0	0	0	0	0	0	0	0	0	1	0	0	0	1	0	10	106	0	180	0	0	0	0	0	0	0	0	0	0	0	0	0	0	0	0	0	0	0	0	0	0	0	0	0	0	0	0	0	0	0	0	0	0	0	0	0	0	5
OTU254	0	0	0	0	0	0	0	289	0	1	53	0	706	3	0	12	0	0	0	100	47	1	534	0	0	0	0	0	25	0	0	8	7	6	16	2493	0	0	38	0	0	95	7	0	1	8	0	29	2	63	2	3	0	0	0	0	1	0	21	189	1923	1352	0	0	5	582	1	234	0	3	0	2	5681	3	9	0	0	0	17	98	0	100	0	0	0	0	0	588	0	46
OTU255	0	0	0	0	0	0	0	0	0	0	0	0	0	0	0	0	0	0	0	0	0	0	0	0	0	0	0	0	0	0	0	1	137	0	0	0	0	1	0	0	0	0	1	7	0	2	0	0	1	0	2	0	0	0	0	0	3	0	1	0	2	0	0	0	0	0	0	0	0	9	0	0	0	0	0	0	0	0	0	83	0	0	0	0	120	0	0	0	0	0
OTU256	0	0	0	0	0	0	4	0	1	3	1	0	7	5	0	2	0	0	0	2	2	0	0	1	0	0	0	17	7	0	0	0	5	4	4	2	0	0	0	0	0	9	0	0	0	14	1	24	2	10	4	1	28	0	0	0	0	0	3	1	13	1	3	7	0	0	5	0	0	4	0	17	1	0	0	0	0	0	0	0	0	14	0	7	2	0	25	0	0	10
OTU257	0	0	0	0	0	0	65	0	0	4	0	2	1	0	0	0	9	0	0	0	0	0	0	0	0	0	0	0	0	0	0	0	0	0	0	0	0	0	0	0	0	0	0	0	0	0	0	0	0	1	0	0	0	0	5	0	0	0	0	0	0	0	0	0	0	0	0	0	0	0	0	0	0	0	9	70	75	0	0	0	0	0	0	0	0	0	0	0	0	0
OTU258	0	0	0	0	0	0	15	0	0	0	1	5	0	4	5	0	0	0	0	0	0	0	0	1	7	1	5	0	1	0	0	0	5	0	0	0	1	0	0	9	4	9	0	69	0	0	1	0	0	4	3	0	2	16	2	0	0	0	3	0	0	0	1	19	0	0	4	0	1	2	0	0	0	11	19	14	5	0	0	0	0	9	0	1	1	0	16	0	0	3
OTU259	0	0	0	0	0	0	0	56	0	0	1	0	36	0	0	0	0	0	0	0	0	0	0	0	0	0	0	0	0	0	0	0	0	0	0	9	0	0	0	0	0	5	0	0	0	0	0	0	0	5	0	2	0	0	0	0	0	0	8	0	2	0	0	0	0	33	0	5	0	72	0	0	1	0	0	0	0	0	0	2	0	4	0	0	0	0	0	37	0	0
OTU260	0	0	0	0	0	0	3	0	0	2	2	1	12	0	0	1	0	5	0	56	22	0	0	0	13	2	0	0	23	0	0	0	0	3	0	0	0	0	7	13	1	6	0	0	0	0	9	4	0	7	0	3	0	11	0	3	65	1	0	10	0	4	54	35	0	0	0	0	10	4	0	0	3	6	0	0	10	0	0	1	0	12	1	0	0	7	20	0	0	3
OTU261	0	0	0	0	0	0	0	0	0	0	0	0	0	4	6	0	0	4	0	0	2	0	0	0	0	0	0	0	1	0	0	3	2	0	0	0	0	1	0	13	9	2	0	0	1	0	0	0	40	0	168	0	0	4	0	0	0	0	0	0	0	0	0	0	0	0	0	0	1	0	1	0	2	0	16	0	1	0	0	1	0	0	1	0	0	0	0	3	0	0
OTU262	0	0	0	0	0	0	0	0	9	0	0	0	4	0	2	8	0	1	0	26	3	21	5	0	0	0	0	0	0	0	0	0	0	7	0	6	0	1	0	0	0	0	7	0	0	8	0	18	0	2	0	0	0	0	0	0	0	2	16	1	0	0	2	0	17	0	0	15	0	14	0	0	15	0	0	0	0	0	0	4	0	3	0	0	0	0	16	0	3	0
OTU263	0	0	0	0	0	0	0	0	0	0	0	0	0	0	1	0	0	0	0	0	0	0	0	0	0	0	0	0	0	0	0	0	0	0	0	2	0	0	0	13	1	0	0	0	0	0	0	0	0	0	0	0	0	6	0	0	0	0	0	0	0	0	0	0	0	0	0	0	0	6	0	0	0	0	0	0	0	0	0	132	0	0	0	0	0	0	42	54	0	0
OTU264	0	0	0	0	0	0	2	0	9	1	0	0	3	0	0	0	23	0	16	0	0	0	0	0	0	0	0	0	7	1	0	0	15	0	0	4	0	0	8	3	3	23	0	0	0	34	0	14	6	24	16	6	0	3	0	0	0	0	22	1	0	0	0	12	0	0	0	0	0	128	0	0	0	0	0	0	1	5	0	1	0	19	0	1	5	5	0	0	8	20
OTU265	0	0	0	0	0	0	0	0	0	0	0	0	0	0	0	0	0	0	0	0	0	0	11	0	0	0	0	0	0	0	0	7	0	0	0	24	0	0	6	0	0	7	73	0	0	0	0	3	0	9	3	0	0	0	0	0	0	0	11	0	1	11	0	0	2	0	0	45	0	0	0	0	4	0	0	0	0	0	14	0	0	10	0	0	0	0	13	3	0	0
OTU266	0	0	0	0	0	0	0	0	0	0	0	0	0	0	0	0	0	0	0	0	12	0	0	0	0	0	0	0	0	0	0	0	0	0	0	10	0	0	0	0	0	0	0	0	0	0	0	0	0	0	0	0	0	0	0	0	0	0	0	20	121	37	0	0	0	0	0	0	0	0	0	50	8	0	3	0	0	0	0	0	0	0	0	0	0	0	0	0	0	0
OTU267	0	0	0	0	0	0	4	0	0	0	4	0	1	0	1	0	0	1	0	1	5	0	0	0	0	4	0	0	6	1	1	0	3	0	0	0	2	0	0	6	6	5	0	0	3	0	0	0	1	7	5	0	3	4	1	0	0	0	0	0	46	0	0	30	0	0	3	0	0	17	0	0	0	6	0	11	11	0	0	9	0	11	1	5	1	0	3	0	0	0
OTU268	0	0	0	0	0	0	0	0	0	0	0	0	12	0	0	6	0	1	0	28	0	6	0	0	4	0	0	0	141	0	0	0	0	0	3	1	0	1	0	4	0	2	0	0	0	1	18	0	0	0	0	6	0	4	0	0	7	0	0	2	0	0	0	0	20	0	0	0	2	0	0	0	12	18	0	0	0	26	0	2	0	1	0	0	0	0	19	0	2	2
OTU269	0	0	0	0	0	0	0	1	26	0	1	0	0	0	0	0	0	0	0	3	0	0	0	0	0	5	0	1	33	0	0	0	0	0	0	1	0	0	0	0	0	0	0	2	0	4	0	27	5	0	10	8	0	1	0	0	0	0	7	7	1	7	0	8	0	33	0	0	0	10	0	0	22	4	1	0	0	0	0	0	0	0	1	4	18	47	11	2	0	16
OTU270	0	0	0	0	0	0	0	0	27	3	0	0	0	0	0	7	38	0	18	1	0	0	0	0	0	2	0	0	7	0	5	0	0	28	0	0	0	0	0	0	0	0	0	0	0	0	0	1	0	0	0	0	0	0	0	2	0	0	0	36	0	1	0	0	0	0	0	4	0	1	2	0	19	0	0	0	0	26	29	0	0	0	0	0	0	0	0	0	34	0
OTU271	0	0	0	0	0	0	11	0	4	1	0	0	10	1	0	3	20	1	1	3	15	3	0	0	0	0	3	0	9	0	6	0	13	0	0	25	0	1	5	2	7	115	0	0	0	1	3	0	5	115	4	0	3	9	1	0	0	2	0	6	1	0	24	1	0	0	1	0	0	19	3	23	12	1	0	13	10	16	0	39	25	98	0	0	0	0	1	7	12	46
OTU272	0	0	0	0	0	0	6	0	0	0	0	90	10	0	0	5	3	5	1	0	33	0	0	0	0	0	0	0	0	6	0	0	0	4	0	0	1	2	0	1	1	0	0	29	0	0	0	4	0	0	0	0	0	0	28	0	1	0	3	2	3	8	0	0	0	5	1	0	0	21	2	0	1	6	0	4	4	1	0	0	4	1	2	17	0	0	0	0	3	5
OTU273	0	0	0	0	0	0	0	318	0	0	0	0	0	0	0	0	0	0	0	0	0	0	0	0	0	0	0	0	0	0	0	0	0	0	0	0	0	0	0	0	0	0	0	0	0	0	0	0	0	0	0	0	0	0	0	0	0	0	0	0	0	0	0	0	0	0	0	0	0	0	0	0	0	0	0	0	0	0	0	0	0	0	0	0	0	0	0	0	0	0
OTU274	0	0	0	0	0	0	0	0	0	0	0	0	3	0	0	0	9	0	0	14	0	1	0	0	0	0	0	0	11	0	0	0	6	0	0	1	0	0	0	1	0	1	0	0	0	0	0	8	0	1	0	0	0	0	0	0	0	0	0	6	0	3	0	0	0	0	0	69	0	53	0	6	2	0	0	0	0	20	0	20	0	0	0	0	0	0	1	0	4	2
OTU275	0	0	0	0	0	0	2	7	4	0	0	0	4	1	1	16	2	0	3	6	0	4	12	0	6	0	0	4	19	0	3	0	4	4	0	2	0	0	49	1	0	2	7	0	0	5	1	14	2	0	0	4	0	0	0	0	0	0	3	7	0	10	0	0	246	173	0	3	0	0	0	11	4	0	0	0	0	8	1	4	0	0	0	0	0	0	12	6	5	4
OTU276	0	0	0	0	0	0	0	0	0	0	0	0	0	0	0	0	0	0	9	0	0	170	0	0	0	0	0	0	0	0	0	0	7	0	0	0	0	0	0	0	0	0	0	0	0	1	0	0	0	0	0	0	0	0	0	0	0	0	0	2	0	0	0	0	0	0	0	0	0	0	0	0	0	0	0	0	0	0	0	1	0	0	5	0	0	0	0	0	0	0
OTU277	0	0	0	0	0	0	1	0	0	6	1	0	16	0	0	2	5	15	0	1	0	0	0	0	0	0	0	13	2	0	0	0	1	3	0	0	0	1	0	0	0	0	0	0	0	34	0	0	0	0	0	0	0	0	1	0	0	12	0	0	0	3	0	4	0	0	5	0	0	49	0	2	2	5	0	0	2	9	0	0	0	0	2	2	0	0	0	0	4	0
OTU278	0	0	0	0	0	0	0	0	0	0	0	46	0	14	0	0	0	0	77	0	0	0	0	13	79	2	36	0	0	0	0	0	0	0	0	0	0	0	0	3	4	0	0	12	85	0	0	0	20	0	42	0	23	3	97	52	26	0	0	0	0	1	0	0	0	0	0	0	66	0	0	0	0	0	0	0	0	0	0	0	0	0	15	0	58	10	0	0	0	0
OTU279	0	0	0	0	0	0	0	0	0	0	0	0	0	0	0	0	0	1	0	0	20	0	0	0	0	0	0	0	0	0	0	0	0	0	0	0	0	0	0	0	0	0	0	0	0	0	0	0	0	0	0	0	0	0	0	0	0	0	0	0	305	0	0	0	0	0	0	0	0	0	0	0	0	0	0	0	0	0	0	0	0	0	0	0	0	0	0	0	0	0
OTU280	0	0	0	0	0	0	8	0	6	4	0	3	0	1	5	0	0	0	1	0	0	0	0	1	5	20	29	0	5	0	0	0	0	0	0	3	0	0	0	13	2	6	0	10	0	0	0	0	0	6	0	0	0	13	0	0	0	0	0	15	0	0	0	1	0	0	7	0	1	1	0	0	0	1	14	5	3	0	0	20	0	14	3	0	2	0	0	0	0	6
OTU281	0	0	0	0	0	0	0	38	0	0	0	0	3	0	0	0	0	1	26	4	3	0	2	0	1	0	0	1	10	0	1	23	74	1	0	3	0	0	2	1	7	1	4	0	1	5	0	0	0	0	1	47	0	7	0	0	1	0	0	0	0	5	2	1	0	0	1	0	4	4	0	2	2	0	0	0	0	0	0	3	0	1	0	0	0	0	0	0	0	9
OTU282	0	0	0	0	0	0	1	0	0	0	0	15	4	6	0	0	2	6	3	0	1	0	0	0	2	20	0	0	1	0	0	5	3	0	0	3	0	0	0	17	17	15	0	1	0	1	0	0	0	11	0	0	2	11	0	6	0	0	0	2	6	0	1	0	0	0	0	0	0	0	0	9	0	11	0	0	0	15	0	6	0	20	1	0	0	0	0	0	1	0
OTU283	0	0	0	0	0	0	0	0	0	0	12	0	18	0	0	0	0	0	0	0	3	11	0	0	0	0	0	0	10	0	0	0	2	0	0	0	0	0	0	0	0	0	16	0	0	0	0	7	0	0	0	0	0	0	0	0	0	0	2	0	44	0	4	0	0	40	0	29	0	2	0	0	12	0	0	0	0	0	95	5	0	0	0	0	0	0	0	0	0	0
OTU284	0	0	0	0	0	0	0	0	0	0	0	0	0	1	0	0	0	43	0	0	3	0	0	0	0	0	0	0	0	0	0	0	0	0	0	5	0	0	0	0	0	5	0	0	0	1	0	0	0	7	0	0	106	0	0	0	3	0	0	3	0	28	0	0	0	0	0	0	0	0	1	0	0	0	0	0	0	0	0	0	0	5	0	0	0	0	0	0	0	0
OTU285	0	0	0	0	0	0	0	0	0	0	0	0	0	0	0	0	0	0	0	0	0	0	0	0	0	0	0	0	0	0	0	0	0	0	0	0	0	0	0	0	0	0	0	0	1	0	0	0	0	0	0	0	0	0	0	0	0	0	0	0	0	0	0	0	0	0	0	0	0	0	0	0	185	0	0	0	0	0	0	0	0	0	0	0	0	0	0	0	0	0
OTU286	0	0	0	0	0	0	0	84	0	0	0	0	0	12	0	0	0	0	0	0	0	0	0	0	0	0	1	0	0	0	0	0	0	0	0	0	0	0	0	29	11	1	0	0	10	0	0	0	5	0	20	0	0	17	10	1	0	0	0	0	0	0	0	0	0	0	0	0	0	0	0	0	0	2	3	0	0	0	0	0	0	0	0	1	0	1	0	0	0	0
OTU287	0	0	0	0	0	0	0	0	0	0	0	0	4	0	0	0	96	0	0	0	0	0	0	0	0	0	0	1	51	0	0	0	0	0	0	48	0	0	0	0	0	0	0	0	0	0	0	0	0	0	0	0	0	0	0	0	0	0	61	0	0	9	0	0	0	0	0	0	0	0	0	0	0	0	0	0	0	86	0	0	0	0	0	0	0	0	0	67	70	0
OTU288	0	0	0	0	0	0	0	0	0	0	0	0	0	0	0	0	0	0	0	0	0	0	0	0	0	0	0	0	0	0	0	0	0	0	0	0	0	0	0	0	0	0	0	0	0	0	0	0	0	0	0	0	0	0	0	0	0	0	0	0	215	0	0	0	0	0	0	12	0	0	0	0	0	0	0	0	0	0	0	0	0	0	0	0	0	0	0	0	0	0
OTU289	0	0	0	0	0	0	0	0	0	0	0	0	0	0	0	0	0	0	0	0	0	0	0	0	0	0	0	0	0	0	0	0	0	0	0	0	0	0	0	0	0	0	0	0	0	0	0	255	0	0	0	0	0	0	0	0	0	0	0	0	0	0	7	0	0	0	0	0	0	0	0	0	0	0	0	0	0	0	0	0	0	0	7	0	0	0	0	0	0	0
OTU290	0	0	0	0	0	0	0	0	0	0	0	0	0	0	0	0	30	0	0	0	0	0	0	0	0	0	0	0	0	0	0	15	0	0	0	0	0	0	0	0	0	9	0	0	0	1	0	0	0	0	0	31	0	0	0	0	9	0	0	0	0	0	0	0	0	0	0	0	0	0	0	0	0	0	0	0	0	40	0	12	0	4	0	0	0	0	0	0	42	0
OTU291	0	0	0	0	0	0	0	0	1	0	0	0	0	0	0	1	0	0	0	0	0	0	0	0	0	0	0	0	0	0	0	0	0	0	0	0	0	0	0	0	0	0	0	0	0	0	2	0	0	0	0	154	0	0	0	0	0	0	0	9	0	0	1	0	0	0	0	0	0	0	0	0	6	0	0	0	0	0	0	0	0	0	0	0	0	0	0	11	0	0
OTU292	0	0	10	0	0	0	89	38	52	6	1	39	24	15	5	2	11	1	9	14	21	2	6	0	7	102	1	2	40	5	9	0	3	12	0	81	0	6	58	18	18	51	77	1	11	2	79	11	14	80	34	17	30	15	42	6	17	0	2	46	6	15	34	11	0	0	1	0	1	32	1	252	15	51	18	88	51	1	0	44	62	45	2	17	1	0	1	3	1	1
OTU293	0	0	0	0	0	0	0	0	0	0	0	0	0	0	0	0	0	0	0	0	128	0	0	0	0	0	0	0	0	0	0	0	0	0	0	0	0	0	0	0	0	0	0	0	0	0	0	0	0	0	0	0	0	0	0	0	0	0	0	14	0	0	0	14	0	0	0	18	0	0	0	0	22	0	0	0	0	0	0	0	0	0	0	0	0	0	0	0	0	0
OTU294	0	0	0	0	0	0	0	0	0	0	0	0	0	0	0	0	0	0	0	0	289	0	0	0	0	0	0	0	24	0	0	0	0	0	0	0	0	0	0	0	0	0	0	2	1	0	0	1	0	0	0	0	2	0	0	0	1	0	0	0	8	0	0	0	0	0	0	0	0	18	0	0	0	0	0	0	0	0	0	0	0	0	0	1	0	0	0	0	0	0
OTU295	0	0	0	0	0	0	0	0	0	0	0	0	0	0	0	0	0	0	0	0	0	0	0	0	0	0	0	0	0	0	0	0	0	0	0	0	0	0	0	0	0	0	0	0	0	0	0	0	0	0	0	0	0	0	0	0	0	0	0	0	0	0	0	0	0	0	0	0	0	0	0	0	0	0	0	0	0	0	0	0	0	0	23	0	0	0	0	162	0	0
OTU296	0	0	0	0	0	0	0	0	0	0	0	0	0	0	0	0	0	0	0	0	0	0	0	0	0	0	174	0	0	0	0	0	0	0	0	0	0	0	0	0	0	0	0	0	0	0	0	0	0	0	0	0	0	0	0	0	0	0	0	0	0	0	0	0	0	0	0	0	0	0	0	0	0	0	0	0	0	0	0	0	0	0	0	0	0	0	0	0	0	0
OTU297	0	0	0	0	0	0	0	0	0	0	0	0	8	0	0	0	0	0	0	0	0	0	0	0	0	0	0	3	3	0	0	1	0	0	0	11	0	0	3	0	0	22	0	0	0	0	0	0	0	38	0	0	0	0	0	0	0	0	0	0	2	27	0	0	7	1	0	0	0	34	0	0	0	0	0	0	0	2	0	10	0	23	0	0	0	0	0	25	1	0
OTU298	0	0	0	0	0	0	0	15	0	0	5	0	7	0	0	0	5	0	0	5	4	0	0	0	0	0	0	1	1	0	0	0	0	0	0	17	0	0	2	0	0	9	1	0	0	22	0	137	1	4	0	21	0	0	0	0	0	0	2	3	4	2	1	0	0	184	0	128	0	0	0	0	0	0	0	0	0	6	2	16	0	4	0	0	0	0	0	6	8	1
OTU299	0	0	0	0	0	0	0	0	0	0	0	0	0	0	0	0	0	0	0	0	0	0	0	0	0	0	0	1	0	0	0	0	0	0	0	0	0	0	0	80	61	0	0	14	0	0	0	0	0	0	0	0	0	75	0	0	0	0	0	0	0	0	0	0	0	0	0	0	0	0	0	0	0	0	0	0	0	0	0	0	0	0	0	0	0	0	0	0	0	0
OTU300	0	0	0	0	0	0	0	0	0	0	1	0	1	0	0	0	0	0	0	0	0	0	0	0	0	0	0	0	0	0	0	0	0	1	0	0	0	0	0	0	0	0	0	0	0	0	0	163	0	0	0	0	0	0	0	0	0	0	0	0	0	0	0	0	0	0	0	0	0	0	0	0	0	0	0	0	0	0	0	0	0	0	0	0	0	0	0	0	0	0
OTU301	0	0	0	0	0	0	0	0	0	0	0	0	0	0	0	0	0	0	20	0	0	0	0	0	0	0	2	0	0	0	0	0	1	0	0	3	0	0	0	0	0	0	0	0	0	2	0	5	44	0	87	0	0	0	0	0	0	0	0	0	0	0	1	0	0	0	0	0	0	0	0	0	0	0	0	0	0	0	0	0	0	0	0	0	0	0	0	0	0	0
OTU302	0	0	0	0	0	0	0	148	0	0	0	0	5	0	0	7	0	0	0	5	1	0	41	0	0	0	0	3	0	0	0	8	1	0	5	9	0	0	2	0	0	0	3	0	0	0	0	5	0	0	1	0	0	0	0	0	0	1	15	15	0	16	0	0	0	2	0	17	0	104	0	0	68	0	0	1	0	0	3	2	0	1	0	0	0	0	5	37	0	0
OTU303	0	0	0	0	0	0	0	0	0	0	2	0	40	0	0	0	0	0	0	0	0	0	5	0	0	0	0	3	0	0	2	1	0	0	0	0	0	0	0	0	0	0	0	0	6	0	0	0	0	1	0	106	10	0	0	0	0	0	0	0	0	0	0	0	0	0	0	0	0	0	0	0	0	0	0	0	0	0	0	1	0	3	0	0	0	0	0	0	0	0
OTU304	0	0	0	0	0	0	0	0	12	0	1	0	0	0	0	74	5	1	0	21	5	0	5	0	3	0	0	5	16	1	1	0	1	0	1	9	0	2	27	0	0	6	16	0	0	7	1	12	0	2	4	7	0	0	0	0	0	2	7	13	0	12	0	0	279	106	1	6	0	5	3	11	0	0	1	2	2	19	7	5	0	6	0	0	0	0	0	3	16	17
OTU305	0	0	0	0	0	0	0	0	2	0	0	0	0	0	0	0	0	0	0	0	0	0	0	0	0	0	136	0	0	0	2	0	0	0	0	0	0	0	0	3	0	0	0	0	2	1	0	1	0	0	0	12	0	1	0	0	0	0	0	0	0	0	1	0	0	0	0	0	0	0	0	0	0	0	3	0	0	0	0	0	0	0	0	0	0	1	0	0	0	0
OTU306	0	0	138	0	0	0	0	0	0	0	0	0	0	0	0	0	0	0	0	0	0	0	0	0	0	0	0	0	0	0	0	0	0	0	0	0	0	0	0	0	0	0	0	0	0	0	0	0	0	0	0	0	0	0	0	0	0	0	0	0	0	0	0	0	0	0	0	0	0	0	0	0	0	0	0	0	0	0	0	0	0	0	0	0	0	0	0	0	0	0
OTU307	0	0	0	0	0	0	0	6	0	1	0	0	3	0	0	1	0	2	0	1	0	0	0	0	1	0	19	34	4	0	0	0	1	0	1	1	5	0	0	2	1	1	0	0	1	12	0	0	4	3	5	6	0	1	1	4	0	0	2	7	0	2	0	0	0	0	0	0	1	4	0	65	0	0	1	2	1	0	0	0	0	3	1	0	0	0	0	0	0	0
OTU308	0	0	0	0	0	0	0	0	0	0	5	0	12	0	0	0	0	0	0	0	0	0	0	0	0	0	0	0	0	0	0	3	0	0	0	3	0	0	15	0	0	0	0	0	1	2	0	18	0	3	0	0	0	0	0	0	0	0	0	14	0	8	1	0	47	7	0	3	0	0	0	18	0	0	0	0	0	0	0	0	0	1	0	0	0	0	32	2	1	0
OTU309	0	0	0	0	0	0	0	0	0	0	0	0	0	0	0	0	0	0	0	0	0	0	0	0	0	0	0	0	3	2	0	0	0	0	0	0	0	0	0	0	0	1	0	0	0	0	0	6	0	0	2	17	0	0	0	1	1	0	0	4	0	22	0	0	0	0	0	0	0	0	0	0	0	0	0	0	0	0	0	0	0	1	0	0	122	0	0	0	0	0
OTU310	0	0	0	0	0	0	0	0	0	0	0	0	0	0	0	0	0	0	0	0	0	0	0	0	46	1	152	6	21	0	0	0	0	0	0	0	0	0	2341	0	0	0	253	0	0	18	0	27	0	0	0	0	0	0	807	0	0	0	0	0	0	0	137	0	0	0	0	0	0	0	0	0	0	0	0	0	0	0	0	39	0	0	69	0	0	0	0	237	0	0
OTU311	0	0	0	0	0	0	0	0	0	0	8	1	1	0	0	21	0	0	0	0	0	0	0	0	47	0	2	0	0	0	0	0	0	0	0	0	0	0	0	0	0	22	0	0	0	0	0	4	0	15	1	0	0	0	0	7	0	0	0	0	0	0	2	0	0	0	0	0	0	2	0	2	1	0	0	2	0	0	0	1	0	34	9	0	1	0	0	0	0	0
OTU312	0	0	0	0	0	0	1	0	0	0	0	40	1	0	0	0	0	0	0	0	0	0	0	0	0	0	1	3	0	0	0	0	0	0	0	0	0	0	0	40	30	0	0	0	0	0	0	0	0	0	3	2	0	35	0	0	0	0	0	1	0	0	0	0	0	0	0	0	0	0	0	0	0	0	0	1	0	0	0	0	0	0	0	0	3	0	0	0	0	0
OTU313	0	0	0	0	0	0	0	0	0	0	1	0	0	0	0	0	0	0	0	0	1	0	0	0	0	8	2	0	0	0	0	0	0	0	0	2	0	0	0	0	0	0	0	0	0	0	0	1	0	0	0	94	0	0	0	1	0	0	0	0	0	0	0	0	0	0	0	0	0	2	0	0	0	0	7	0	0	0	0	0	0	0	0	0	0	0	0	4	0	2
OTU314	0	0	0	0	0	0	0	0	0	0	0	0	0	0	0	0	0	0	0	0	3	0	0	0	0	2	0	0	0	0	0	0	0	0	0	0	0	0	0	0	0	0	0	4	0	0	0	0	0	0	0	0	0	0	0	0	3	0	0	0	0	0	0	1	0	0	0	0	0	0	0	0	0	161	0	0	0	0	0	0	0	0	0	0	0	0	0	0	0	0
OTU315	0	0	0	0	0	0	0	0	0	0	0	0	0	0	0	0	0	0	0	0	0	0	0	0	0	0	0	0	0	0	0	0	0	0	0	0	0	0	0	0	0	0	0	0	0	0	0	0	0	0	0	0	0	0	0	0	0	0	0	0	0	0	0	0	0	0	0	0	0	0	0	90	0	0	0	0	0	0	0	0	0	0	0	0	0	0	0	77	0	0
OTU316	0	0	0	0	0	0	2	4	2	0	0	0	0	2	1	0	0	5	0	0	0	0	0	0	0	1	0	0	0	9	0	1	0	0	0	2	3	0	0	1	0	4	0	0	6	3	0	5	10	5	19	0	3	2	0	1	2	0	0	1	0	0	0	0	0	0	0	3	6	4	6	0	0	9	1	2	0	0	0	0	1	4	9	0	13	12	11	2	0	0
OTU317	0	0	0	0	0	0	0	0	78	199	27	22	3	13	11	0	5	0	0	0	0	0	0	0	0	0	12	126	0	259	7	0	0	144	50	0	176	0	0	0	0	0	0	0	0	0	0	9	0	0	0	1	0	0	2	0	0	255	0	38	0	0	0	0	0	25	0	0	6	0	104	0	3	10	124	0	0	11	0	6	0	0	0	0	4	0	1	0	10	27
OTU318	0	0	0	0	0	0	0	0	151	123	3	36	9	0	0	4	0	0	0	0	0	0	0	0	0	0	3	20	0	105	21	0	0	166	17	0	80	0	0	0	0	0	0	0	0	1	0	16	1	0	0	0	0	0	0	0	0	183	1	4	0	0	0	0	0	0	0	0	0	26	0	0	0	0	56	0	0	0	0	11	0	0	0	1	9	0	1	0	0	4
OTU319	0	0	0	0	0	0	0	1	0	0	0	0	47	0	0	0	8	0	0	11	1	1	0	0	0	0	0	0	0	0	0	0	15	0	0	127	0	0	12	0	0	120	3	0	0	281	1	6	0	107	0	0	0	0	0	0	0	0	0	71	0	31	0	0	9	253	0	1	0	92	0	0	6	0	0	0	0	13	0	38	0	195	0	0	0	0	0	35	5	55
OTU320	0	0	0	0	0	0	1	3	1	0	2	0	0	3	7	1	2	8	4	2	0	0	2	0	2	0	0	0	0	4	6	0	1	15	9	18	0	3	0	0	0	1	2	7	0	5	2	2	0	0	0	0	1	0	0	6	0	0	1	0	38	3	2	14	0	0	0	0	0	0	0	5	2	29	5	0	0	5	0	0	0	1	0	0	0	10	0	0	3	10
OTU321	0	0	0	0	0	0	0	0	0	0	0	0	0	0	0	0	0	0	0	0	0	0	0	0	0	0	0	0	0	0	0	0	0	0	0	0	0	0	0	0	0	0	0	0	0	0	0	0	0	0	0	0	0	0	0	0	0	0	0	0	279	0	0	0	0	0	0	0	0	0	0	0	0	0	0	0	0	0	0	0	0	0	0	0	0	0	0	0	0	0
OTU322	0	0	0	0	0	0	17	0	0	0	0	33	15	3	0	1	98	0	1	4	1	0	4	0	0	0	0	0	4	0	2	0	14	0	0	21	0	0	0	2	1	325	0	0	6	0	3	0	4	341	8	0	4	3	1	0	1	2	0	2	0	1	0	1	0	0	0	0	0	9	1	74	2	4	0	10	14	52	1	4	0	273	0	1	0	0	8	0	28	7
OTU323	0	0	0	0	0	0	0	2	0	0	0	0	23	0	0	0	6	0	0	3	0	0	0	0	0	0	0	2	0	0	0	0	10	0	0	147	0	0	4	0	0	72	0	0	0	181	0	2	0	57	0	0	0	0	0	0	0	0	0	36	3	148	0	0	49	106	0	1	0	47	0	0	70	0	0	0	0	7	10	65	0	84	0	0	0	0	0	76	2	38
OTU324	0	0	0	0	0	0	0	0	0	0	0	0	3	0	0	0	0	0	0	0	0	0	0	0	0	0	0	7	0	0	0	0	0	0	0	0	0	0	61	0	0	0	0	0	1	0	0	3	3	0	9	52	0	0	0	0	0	0	0	4	0	0	0	0	0	0	0	0	0	0	0	0	0	0	0	0	0	0	0	0	0	0	5	0	0	0	0	0	0	0
OTU325	0	0	0	0	0	0	0	0	0	0	0	0	5	0	0	0	5	0	0	13	4	2	0	0	1	0	0	3	8	0	0	16	11	0	0	0	0	0	0	0	0	1	0	0	0	23	0	4	0	2	0	29	0	0	0	0	0	0	13	4	0	9	0	0	3	1	0	23	0	57	0	12	26	0	0	0	0	8	1	11	0	4	0	0	0	0	0	6	9	0
OTU326	0	0	0	0	0	0	1	0	0	1	0	0	0	6	0	0	9	0	4	0	0	13	0	0	0	0	0	0	0	0	1	0	3	0	0	1	0	0	0	17	3	4	0	0	0	0	0	2	0	2	0	0	0	7	0	0	0	0	0	0	0	1	0	4	0	0	0	0	2	3	0	0	0	0	74	3	0	0	0	0	0	2	1	1	0	0	0	0	4	8
OTU327	0	0	0	0	0	0	0	0	0	0	0	0	0	0	0	0	0	0	0	0	26	9	0	0	0	0	0	0	0	0	0	0	0	0	0	7	0	0	0	0	0	4	0	0	0	0	0	0	0	2	2	0	0	0	0	0	0	0	0	67	0	0	0	0	0	0	0	0	0	0	0	0	30	0	0	0	0	0	0	4	0	6	0	0	0	0	0	0	0	0
OTU328	0	0	0	0	0	0	0	0	0	0	0	0	0	0	0	0	0	0	0	0	0	0	0	0	0	0	0	0	136	0	0	0	0	0	0	0	0	0	0	0	0	0	0	0	0	0	0	0	0	0	0	0	0	0	0	0	0	0	0	0	0	0	0	0	0	0	0	0	0	0	0	0	0	0	0	0	0	0	0	0	0	0	0	0	0	0	0	0	0	0
OTU329	0	0	0	0	0	0	0	0	0	0	0	0	0	3	0	0	0	0	2	0	0	0	0	0	0	0	0	0	0	0	0	0	14	3	0	1	0	0	20	0	0	12	0	0	0	3	0	0	1	22	6	0	0	0	0	1	0	0	0	2	0	6	0	0	0	0	0	0	0	0	0	7	0	0	0	0	0	0	0	25	0	16	0	0	0	0	14	0	0	0
OTU330	0	0	0	0	0	0	18	0	0	0	0	0	0	0	175	0	0	0	0	0	0	0	0	0	0	0	0	0	0	8	0	0	0	0	0	4	0	2	0	0	0	0	0	0	0	0	0	0	0	0	0	0	0	0	0	0	0	0	10	0	29	0	0	0	0	0	0	0	0	0	0	0	0	1	5	31	32	0	0	0	0	0	0	0	0	0	0	0	0	13
OTU331	0	0	0	0	0	0	0	0	0	0	0	0	0	0	0	0	25	0	0	0	0	0	0	0	0	0	0	0	0	0	0	0	0	0	0	3	0	0	0	0	0	0	0	0	0	0	0	0	2	1	1	0	0	0	0	0	0	0	0	0	0	0	0	0	0	0	0	0	0	0	0	0	0	0	0	0	0	57	0	0	0	0	0	0	0	0	0	0	53	0
OTU332	0	0	0	0	0	0	0	0	0	0	0	0	0	0	0	0	0	0	0	0	0	0	0	0	0	0	0	0	1	0	0	0	0	0	0	0	0	0	0	0	0	0	0	0	0	0	0	0	0	0	0	0	0	0	0	0	0	0	0	0	0	0	0	0	0	0	0	0	180	0	0	0	0	0	0	0	0	0	0	0	0	0	0	0	0	0	0	0	0	0
OTU333	0	0	0	0	0	0	0	20	0	0	0	0	0	0	0	0	0	0	0	8	0	0	201	0	0	0	0	0	0	0	0	0	0	0	0	0	0	0	0	0	0	0	0	0	0	0	0	0	0	0	0	0	0	0	0	0	0	0	0	0	0	0	0	0	0	0	0	0	0	0	0	0	0	0	0	0	0	0	0	0	0	0	0	0	0	0	0	0	0	0
OTU334	0	0	0	0	0	0	0	0	0	0	0	0	0	0	0	0	0	0	0	0	0	0	0	0	0	0	0	0	8	0	0	113	0	0	0	0	0	0	0	0	0	1	2	0	0	0	0	0	0	0	0	0	0	0	0	0	0	0	0	0	0	0	0	0	0	0	0	0	0	0	0	0	9	1	0	0	0	0	0	0	0	0	0	0	0	0	0	0	0	0
OTU335	0	0	0	0	0	0	2	2	25	0	0	0	2	14	5	1	0	0	18	16	2	22	2	0	3	1	0	0	13	1	18	0	191	0	0	8	0	1	0	0	0	6	0	0	0	0	29	8	0	4	2	1	0	0	0	0	0	2	0	23	0	0	15	0	0	0	2	0	0	5	1	1	0	11	2	4	1	0	0	90	51	8	0	0	0	0	1	0	0	3
OTU336	0	0	0	0	0	0	0	0	0	0	0	0	0	0	0	0	0	0	0	0	0	0	0	0	0	0	0	0	0	0	0	0	0	0	0	0	0	0	0	0	0	0	0	0	0	0	0	0	0	0	0	0	0	0	0	0	0	0	0	0	0	0	0	0	0	0	0	172	0	0	0	0	0	0	0	0	0	0	0	0	0	0	0	0	0	0	0	29	0	0
OTU337	0	0	0	0	0	0	0	0	0	0	0	0	0	0	0	0	0	0	0	0	3	0	0	0	0	1	0	0	45	4	0	0	0	0	0	0	0	0	0	0	0	0	0	2	0	0	0	0	0	0	0	0	0	0	0	1	0	0	13	0	0	12	0	0	0	0	0	0	0	0	0	15	0	0	0	0	0	0	0	0	0	0	0	0	0	0	0	0	0	2
OTU338	0	0	0	0	0	0	0	0	0	0	0	0	0	0	0	0	0	1	0	0	0	0	0	0	0	2	4	0	0	0	0	0	0	0	0	0	0	0	0	0	0	0	103	0	0	0	0	0	0	0	0	0	0	0	0	0	0	0	0	3	0	0	0	0	0	0	2	0	0	2	6	0	0	0	0	0	0	0	0	0	0	0	1	0	0	0	0	0	0	0
OTU339	0	0	0	0	0	0	0	0	0	0	0	0	0	0	0	0	0	0	0	0	0	100	0	0	0	0	0	0	4	0	0	0	1	0	2	0	0	0	0	0	0	0	0	0	0	0	0	0	0	0	0	0	0	0	0	0	0	0	0	0	0	0	0	0	0	0	0	0	0	9	0	0	0	0	0	0	0	0	0	9	0	0	0	0	0	0	0	0	0	2
OTU340	0	0	0	0	0	0	1	0	0	0	0	0	0	0	0	0	5	0	1	0	2	0	0	0	0	0	0	0	4	0	0	0	11	0	0	5	0	3	0	0	1	18	0	0	0	0	0	0	0	36	0	0	0	0	0	0	0	2	1	0	0	0	0	0	0	0	0	0	0	27	0	0	0	0	0	0	0	4	0	9	0	25	0	0	0	0	0	19	5	0
OTU341	0	0	0	0	0	0	0	0	0	0	0	0	0	0	0	0	0	0	0	0	0	0	0	0	0	0	0	0	0	0	0	0	0	0	0	0	0	0	0	0	0	0	0	0	0	0	0	0	0	0	0	0	0	0	0	0	0	0	0	0	0	0	0	0	0	47	0	0	0	0	0	0	0	0	0	0	0	0	0	0	0	0	0	0	0	0	0	0	0	63
OTU342	0	0	0	0	0	0	11	0	0	0	0	0	0	1	0	0	0	0	3	0	7	0	0	4	2	0	0	0	2	7	0	0	0	0	0	1	0	0	0	0	0	3	0	0	0	0	1	0	0	5	0	6	0	0	0	0	0	2	0	0	10	0	0	5	0	0	0	0	0	4	0	0	1	4	0	14	6	0	0	18	0	4	0	0	3	4	0	0	0	0
OTU343	0	0	0	0	0	0	0	0	0	0	0	0	0	0	0	0	0	0	0	0	0	0	0	0	0	0	0	123	0	0	0	0	0	0	0	0	0	0	0	0	0	0	0	0	0	0	0	0	0	0	0	0	0	0	0	0	0	0	0	0	0	0	0	0	0	0	0	0	0	0	0	0	0	0	0	0	0	0	0	0	0	0	0	0	0	0	0	0	0	0
OTU344	0	0	0	0	0	0	0	0	0	1	2	0	2	0	0	2	0	1	1	3	4	0	0	3	8	5	11	0	2	0	0	0	1	0	0	0	1	1	0	16	12	4	0	0	0	2	0	4	1	1	4	4	0	5	1	1	0	0	0	0	0	1	5	1	0	77	0	3	1	1	0	0	4	0	0	1	0	5	3	1	0	4	1	0	4	0	0	1	2	2
OTU345	0	0	0	0	0	0	2	0	0	0	0	0	0	1	4	0	0	0	0	0	2	0	1	0	1	1	0	0	0	1	0	0	2	0	0	1	0	0	0	2	0	2	0	2	1	2	1	1	1	1	5	0	1	5	0	0	0	0	0	0	0	1	0	13	0	0	1	1	1	0	0	0	0	8	0	0	2	0	0	58	2	0	0	0	0	0	20	0	0	0
OTU346	0	0	0	0	0	0	7	55	0	4	23	13	98	9	0	158	305	2	12	243	17	153	55	0	1	0	0	84	47	43	9	65	15	10	23	8	2	9	87	5	5	45	8	6	3	18	1	58	2	37	8	36	16	9	1	0	1	15	211	44	18	16	16	1	10	3997	1	57	0	74	4	36	13	10	4	9	11	375	34	86	0	57	22	7	2	1	856	115	267	55
OTU347	0	0	0	0	0	0	0	0	0	0	0	0	0	0	0	0	0	0	0	0	0	0	0	0	0	0	0	0	0	0	0	0	0	0	0	0	0	0	0	0	0	0	0	0	0	0	0	0	0	0	0	0	0	0	0	0	0	0	0	0	0	0	0	0	0	0	0	0	0	94	0	0	0	0	0	0	0	0	0	4	0	0	0	0	0	0	0	0	0	0
OTU348	0	0	0	0	0	0	3	0	5	1	3	2	1	0	60	12	55	10	211	49	14	141	342	1	0	0	0	51	7	4	72	0	4	131	4	10	4	6	0	0	0	3	0	0	1	24	19	2	31	10	32	20	3	0	6	4	6	98	97	1	3	4	329	3	4	33	2	64	12	15	11	124	16	5	12	6	6	59	99	0	5	6	0	1	0	0	119	1	39	1
OTU349	0	0	0	0	0	0	3	0	0	0	0	0	0	0	1	0	0	0	5	0	0	2	0	0	0	1	3	0	0	0	0	0	1	0	0	6	5	0	0	0	0	14	0	0	0	0	0	0	0	31	0	0	0	0	0	0	0	0	0	1	0	0	0	0	0	0	0	0	0	0	0	0	1	10	0	4	2	0	0	0	0	23	0	1	0	0	0	0	0	3
OTU350	0	0	0	0	0	0	0	0	3	0	0	0	0	0	0	0	0	0	0	0	3	0	0	1	0	0	127	0	0	0	0	0	0	0	0	0	1	0	0	0	0	0	0	0	0	5	0	9	0	0	1	0	0	0	0	0	0	0	0	5	0	0	0	0	0	0	0	0	0	0	0	0	0	0	0	0	0	0	0	0	0	0	29	0	0	12	1	0	0	0
OTU351	0	0	0	0	0	0	0	0	0	0	0	0	0	0	0	0	0	0	0	0	0	0	0	0	0	0	0	0	100	0	0	0	0	0	0	0	0	0	0	0	0	0	0	0	0	0	0	0	0	0	0	0	0	0	0	0	11	0	0	0	0	0	0	0	0	0	0	0	0	0	0	0	0	0	0	0	0	0	0	0	0	0	0	0	0	0	0	0	0	0
OTU352	0	0	0	0	0	0	2	0	0	0	0	0	0	10	0	0	11	0	0	0	0	0	0	0	0	2	0	0	0	0	0	1	0	22	0	0	0	1	0	0	0	0	14	0	0	2	0	0	0	0	0	0	1	0	2	0	0	1	0	0	0	5	0	0	0	0	0	16	0	5	0	6	1	1	0	1	0	0	0	2	0	0	0	0	0	0	0	0	0	0
OTU353	0	0	0	0	0	0	0	0	5	0	15	2	0	0	0	0	0	0	0	0	159	4	0	0	0	1	0	0	24	0	0	0	9	0	0	11	0	0	0	0	1	0	38	0	0	0	3	1	0	1	0	0	0	0	0	0	0	0	0	105	46	0	0	0	0	0	0	0	0	0	0	7	5	0	2	0	0	0	0	5	3	0	0	0	0	0	0	0	0	2
OTU354	0	0	0	0	0	0	4	0	20	14	2	14	26	569	1	21	1	32	0	64	21	0	18	0	1	11	0	0	39	445	14	9	0	3	2	50	0	2	0	2	1	107	0	2	0	0	300	432	0	84	0	7	7	2	130	4	6	0	26	98	0	1	14	13	0	0	51	0	26	259	16	0	46	531	39	0	0	3	0	18	0	90	13	48	0	0	532	0	3	1
OTU355	0	0	0	0	0	0	0	0	0	0	0	0	0	0	1	0	0	8	0	0	0	0	0	0	0	0	0	0	0	0	3	0	0	0	0	0	1	0	0	0	0	0	0	0	60	0	0	0	0	0	0	0	0	0	5	0	1	0	0	0	0	0	0	1	0	0	0	0	16	0	35	0	0	38	0	0	0	0	0	0	0	0	1	0	0	0	0	0	0	8
OTU356	0	0	0	0	0	0	0	0	0	0	1	0	2	0	0	7	0	0	0	0	0	0	0	6	0	0	0	0	0	0	0	0	0	0	1	0	2	0	0	0	3	7	0	0	0	7	0	1	0	10	2	23	0	0	0	1	0	0	0	1	0	0	0	0	0	0	0	0	0	2	1	0	1	0	1	0	0	0	0	0	0	4	9	0	0	3	6	21	0	2
OTU357	0	0	0	0	0	0	0	54	0	0	3	0	76	0	0	0	0	0	0	0	1	0	0	0	0	0	0	0	0	0	0	0	0	0	0	0	0	0	0	0	0	0	0	0	0	0	0	0	0	0	0	0	0	0	0	0	0	0	0	0	0	0	0	0	0	0	0	0	0	0	0	0	0	0	0	0	0	0	0	0	0	0	0	0	0	0	0	0	0	0
OTU358	0	0	0	0	0	0	0	0	0	0	0	0	0	0	0	0	0	0	0	0	0	0	67	0	0	0	0	0	0	0	0	0	0	0	0	0	0	0	0	0	0	0	0	0	0	0	0	0	0	0	0	0	0	0	0	0	0	0	0	0	0	0	0	0	0	0	0	0	0	0	0	0	0	0	0	0	0	0	0	0	0	0	0	0	0	0	0	0	0	0
OTU359	0	0	0	0	0	0	0	0	0	0	0	0	0	0	0	0	0	0	0	0	0	0	0	0	0	0	0	9	0	0	0	0	0	0	0	0	0	0	0	0	0	1	0	0	0	0	0	0	0	4	0	0	0	0	0	0	0	0	0	0	0	0	0	0	0	0	0	0	0	3	0	0	26	0	0	0	0	0	0	0	0	2	0	0	0	0	0	55	0	0
OTU360	0	0	0	0	0	0	0	0	2	0	5	0	2	17	0	0	5	0	25	0	0	13	12	0	0	0	17	5	1	0	0	1	0	16	14	1	4	0	0	0	0	7	0	0	0	1	0	0	0	4	0	12	3	0	0	0	0	0	1	0	0	0	7	22	0	2	0	0	2	0	4	0	0	0	0	0	0	7	1	13	2	5	0	0	0	0	2	0	5	8
OTU361	0	0	0	0	0	0	0	0	0	0	0	0	0	0	0	0	0	0	0	0	0	0	0	0	0	0	0	0	1	0	0	0	0	0	0	0	0	0	0	0	0	0	2	0	0	0	0	0	0	0	0	0	0	0	0	0	0	0	0	0	0	0	0	0	82	0	0	0	0	0	0	0	0	0	0	0	0	0	0	0	0	0	0	0	0	0	0	0	0	0
OTU362	0	0	0	0	0	0	2	0	0	0	0	0	0	0	0	0	0	0	0	0	0	0	0	0	0	0	0	0	0	0	0	0	0	0	0	0	61	0	0	0	0	0	0	0	0	0	0	0	0	0	0	0	0	0	0	0	0	0	0	0	0	0	0	0	0	0	0	2	0	0	0	0	0	0	0	0	1	0	0	0	0	0	0	0	0	0	0	0	0	0
OTU363	0	0	0	0	0	0	0	9	0	0	0	0	0	0	0	0	0	0	0	0	0	29	0	0	0	0	0	0	0	0	0	0	0	0	0	0	0	0	0	0	0	0	11	3	0	5	0	0	0	0	3	0	1	0	0	0	0	0	0	0	0	0	0	0	0	0	0	0	0	0	0	0	0	0	0	0	0	0	0	50	0	0	0	0	0	0	0	0	0	0
OTU364	0	0	0	0	0	0	0	0	0	0	0	0	0	0	0	0	0	0	0	0	0	0	0	0	0	0	0	0	0	0	0	0	0	0	0	0	0	0	0	0	0	0	0	0	0	0	0	0	0	0	0	102	0	0	1	0	0	0	0	0	0	0	0	0	0	0	0	0	0	0	0	0	0	0	0	0	0	0	0	0	0	0	0	0	0	0	0	0	0	0
OTU365	0	0	0	0	0	0	1	206	1	0	23	49	101	0	0	70	0	0	0	0	6	0	0	0	0	0	0	0	1	0	0	0	0	0	0	0	0	0	0	0	0	0	0	0	0	0	0	0	2	0	5	0	0	0	0	244	0	3	0	0	0	3	0	0	0	0	0	0	0	0	0	0	0	276	0	5	3	0	0	23	0	0	0	0	2	13	0	22	0	0
OTU366	0	0	0	0	0	0	5	0	9	0	0	3	3	1	5	0	0	0	0	1	0	5	0	0	0	0	0	2	0	0	0	3	0	4	0	0	0	0	0	0	0	2	0	0	2	1	1	0	0	0	0	0	1	1	7	45	0	0	0	1	0	0	0	5	0	0	0	13	0	0	0	0	0	8	0	8	7	0	0	0	40	1	0	0	0	3	0	0	0	0
OTU367	0	0	0	0	0	0	0	0	0	0	0	0	6	0	0	0	0	3	0	0	44	0	0	0	0	0	0	0	0	0	0	0	0	0	0	0	0	0	0	5	4	3	0	0	0	0	0	0	0	10	0	0	0	8	0	0	0	0	0	1	0	0	0	0	0	0	0	0	0	0	0	0	0	0	0	0	0	0	0	0	0	5	0	0	0	0	1	0	0	0
OTU368	0	0	0	0	0	0	0	0	0	0	0	0	3	0	0	0	0	0	0	19	1	0	0	0	0	0	0	0	0	0	0	0	7	0	0	0	0	0	0	0	0	0	0	0	1	13	0	0	0	0	0	34	0	0	0	0	0	2	0	0	0	4	0	0	0	0	0	0	0	0	0	0	3	0	0	0	0	0	0	0	0	0	0	0	0	0	0	0	0	14
OTU369	0	0	1	0	0	0	118	11	28	14	1	7	5	21	2	12	52	24	0	23	6	0	1	0	3	14	32	4	7	9	12	1	0	0	1	38	0	219	11	7490	5243	21	3	6	35	5	3	12	7	21	13	1	4	5563	8	16	5	5	11	10	67	2	21	14	0	89	1	13	8	43	4	16	27	38	47	147	123	75	0	25	13	35	48	9	34	98	31	3	72	7
OTU370	0	0	0	0	0	0	0	0	136	0	39	8	0	0	0	0	0	0	0	0	1	0	0	1	5	0	0	0	0	0	0	0	1	0	0	51	0	0	0	0	0	0	0	0	17	0	0	0	0	0	0	3	3	0	1	0	0	0	0	5	0	0	0	1318	0	0	0	1	3	0	0	1	1	0	7835	0	0	0	0	0	0	1	0	0	0	0	0	1	0	10
OTU371	0	0	0	0	0	0	5	0	0	0	1	0	0	0	0	0	0	0	10	0	0	0	0	0	0	3	0	0	1	0	2	0	1	0	0	6	3	0	0	1	0	1	0	0	0	0	0	0	0	6	0	0	1	0	0	0	0	0	0	6	0	0	0	31	0	0	0	0	0	0	1	0	0	2	0	7	6	0	0	0	0	3	0	0	0	0	0	0	0	28
OTU372	0	0	0	0	0	0	1	3	2	1	7	2	4	11	1	133	17	1	8	10	0	14	10	0	7	1	0	7	28	1	2	3	7	8	2	15	0	1	168	1	0	5	9	0	1	2	0	5	0	6	1	4	1	0	0	1	1	0	32	12	7	23	1	1	163	235	0	2	0	8	6	9	17	2	2	0	5	27	0	25	0	10	0	0	0	0	22	5	26	12
OTU373	0	0	0	0	0	0	6	0	6	0	0	0	0	2	0	0	0	88	0	0	0	0	0	0	0	0	0	0	0	0	0	1	0	2	0	0	0	0	0	0	0	1	0	0	0	0	0	1	0	0	1	8	0	0	0	0	0	0	0	0	0	0	2	0	0	0	0	0	1	1	0	0	0	0	0	4	2	0	0	0	0	0	0	0	0	0	0	0	0	0
OTU374	0	0	0	0	0	0	0	0	0	0	0	0	0	1	0	0	0	0	0	3	0	0	0	0	2	0	0	0	0	0	0	0	0	0	0	0	0	0	1	0	0	0	0	0	0	0	0	0	0	0	0	0	0	0	0	0	0	0	0	0	0	63	0	7	0	0	0	0	0	0	0	2	0	0	0	0	0	0	0	6	0	0	0	0	0	0	0	0	0	0
OTU375	0	0	0	0	0	0	0	46	0	0	0	0	0	0	0	0	0	0	0	0	0	0	0	0	0	0	0	0	0	0	0	0	0	0	0	0	0	0	29	0	0	0	0	0	0	0	0	0	0	0	0	0	0	0	0	0	0	0	2	0	0	0	0	0	0	7	0	0	0	30	0	1	0	0	0	0	0	0	0	0	0	0	0	0	0	0	0	0	0	0
OTU376	0	0	68	0	0	0	0	0	0	0	0	0	0	0	0	0	0	0	0	0	0	0	8	0	0	0	0	0	0	0	0	0	0	0	0	0	0	0	0	0	0	0	0	0	0	0	0	0	0	0	0	0	0	0	0	0	0	0	0	0	0	2	0	0	0	0	0	0	0	0	0	0	0	0	0	0	0	0	0	0	0	0	0	0	0	0	0	0	0	0
OTU377	0	0	0	0	0	0	0	0	0	0	0	0	0	0	0	0	0	0	0	0	0	0	0	0	218	0	0	0	0	0	0	0	0	0	0	0	0	0	0	0	0	0	0	0	0	0	0	0	0	0	0	0	0	0	0	0	0	0	0	0	0	0	0	0	0	0	0	0	0	0	0	0	0	0	0	0	0	0	0	0	0	0	0	0	0	0	0	0	0	0
OTU378	0	0	0	0	0	0	0	0	0	0	0	0	0	0	0	0	5	0	0	0	0	0	0	0	0	0	0	5	0	0	0	0	0	0	0	0	0	0	0	0	0	0	0	55	0	2	0	0	2	0	3	0	0	0	0	0	0	0	0	0	0	0	0	3	0	0	0	0	0	0	0	0	0	0	0	0	0	10	0	0	0	0	0	0	0	0	0	0	0	0
OTU379	0	0	0	0	0	0	0	0	0	0	0	0	0	0	0	0	0	0	0	0	0	0	0	0	0	0	0	0	0	0	0	0	0	0	0	0	0	0	0	0	0	0	133	0	0	0	0	0	0	0	0	0	0	0	0	0	0	0	0	0	0	0	0	0	0	0	0	0	0	0	0	0	0	0	0	0	0	0	0	0	0	0	0	0	0	0	0	0	0	3
OTU380	0	0	0	0	0	0	0	0	0	0	0	0	0	0	0	0	0	0	0	0	0	0	0	0	0	0	0	0	0	0	0	0	0	0	0	0	0	0	0	0	0	0	0	0	0	0	0	0	0	0	0	0	0	0	0	0	0	0	0	0	181	0	0	0	0	0	0	0	0	0	0	0	0	0	0	0	0	0	0	0	0	0	0	0	0	0	0	0	0	0
OTU381	0	0	0	0	0	0	0	0	0	0	0	0	0	0	0	0	0	0	0	0	0	0	0	0	0	0	0	0	0	0	0	0	0	0	0	0	0	1	0	0	0	0	0	0	0	4	2	0	0	0	0	76	0	0	0	0	0	0	0	0	0	0	0	0	0	0	0	0	0	0	0	0	0	0	0	0	0	0	0	1	0	0	0	0	0	0	0	19	0	0
OTU382	0	0	0	0	0	0	0	0	0	0	0	1	2	0	1	3	0	0	0	1	4	0	0	0	0	1	0	1	1	0	0	0	2	0	0	0	0	0	0	0	1	0	0	0	0	0	0	3	2	0	0	22	1	3	0	0	2	1	0	2	5	10	0	0	0	0	0	0	1	18	0	0	6	0	0	0	0	0	0	5	0	5	5	0	0	0	0	5	0	2
OTU383	0	0	0	0	0	0	0	4	0	0	0	0	0	0	0	0	0	0	0	0	0	0	0	0	0	0	0	0	1	0	0	4	0	0	0	0	0	0	0	0	0	0	0	0	0	0	0	0	0	0	0	0	0	0	0	5	0	0	0	0	0	11	0	0	0	34	1	1	0	20	0	0	0	0	0	0	0	0	0	0	0	0	0	0	0	0	0	0	0	0
OTU384	0	0	0	0	0	0	0	0	0	0	0	90	0	34	0	0	0	0	126	0	0	0	0	23	135	1	39	0	0	0	0	0	0	0	0	0	0	0	0	4	5	0	0	16	112	0	0	0	68	0	70	0	45	16	124	82	61	0	0	0	0	5	0	0	0	0	0	0	90	0	0	0	0	0	0	0	0	0	0	0	0	0	32	0	78	51	0	0	0	0
OTU385	0	0	0	0	0	0	0	0	0	0	0	89	0	37	0	0	0	0	144	0	0	0	0	39	92	0	68	0	0	0	0	0	3	5	0	0	0	0	0	11	10	2	0	25	72	0	0	5	81	0	60	0	77	6	76	83	50	0	0	0	0	0	0	0	0	9	0	0	76	0	0	0	0	0	0	0	0	0	0	0	0	0	12	0	61	84	6	0	0	0
OTU386	0	0	0	0	0	0	0	0	0	1	0	0	89	0	0	0	0	0	0	0	0	0	0	0	0	0	0	0	0	0	0	0	0	0	0	0	0	0	0	0	0	0	0	0	0	0	0	0	0	0	3	2	0	0	0	0	0	0	0	0	0	0	0	0	0	0	0	0	0	0	0	0	0	0	0	0	0	0	0	3	0	0	0	0	0	0	0	0	0	0
OTU387	0	0	0	0	0	0	0	0	4	0	0	0	1	0	0	0	0	0	0	0	0	44	0	0	0	0	3	0	0	0	0	1	0	0	0	0	0	0	0	0	0	0	0	0	11	0	0	0	3	0	1	4	0	0	0	0	0	1	0	0	3	0	0	4	0	0	4	0	0	0	0	0	0	0	0	0	0	0	0	0	0	0	0	0	0	2	0	0	0	0
OTU388	0	0	0	0	0	0	0	1	0	0	0	0	1	0	0	0	0	0	0	0	0	0	0	0	0	0	0	0	0	0	0	0	0	0	0	0	0	0	0	0	0	0	0	0	0	0	0	0	0	0	0	69	0	0	0	0	0	0	0	0	0	0	0	0	0	0	0	0	0	0	0	0	0	0	0	0	0	0	0	0	0	0	0	0	0	0	0	0	0	0
OTU389	0	0	0	0	0	0	0	0	0	0	0	0	0	0	0	0	0	0	0	0	0	0	0	0	0	0	0	0	0	0	0	0	0	0	0	0	0	0	0	0	0	0	0	0	0	0	0	0	0	0	0	0	0	0	0	0	0	0	0	0	0	0	0	0	0	98	1	0	0	0	0	0	0	0	0	0	0	0	0	0	0	0	0	0	0	0	0	0	0	0
OTU390	0	0	0	0	0	0	0	0	0	0	0	0	0	0	0	0	0	0	0	0	0	0	0	0	5	44	56	0	0	0	0	0	0	0	0	0	0	0	0	11	8	0	0	0	0	0	0	1	0	0	0	0	0	13	0	0	0	0	0	0	0	0	0	0	0	0	0	0	0	0	0	0	0	0	0	0	0	0	0	18	0	0	80	0	0	0	0	0	0	0
OTU391	0	0	0	0	0	0	0	64	0	0	0	0	0	0	0	0	0	0	0	0	0	0	0	0	0	0	0	0	0	0	0	0	0	0	0	0	0	0	0	0	0	0	0	1	0	0	0	0	0	0	0	0	0	0	0	0	0	0	0	0	0	0	0	0	0	0	0	0	0	0	0	0	0	0	0	0	0	0	9	0	0	0	0	0	0	0	0	0	0	0
OTU392	0	0	0	0	0	0	0	48	0	0	0	0	0	0	0	0	0	0	0	0	0	0	0	0	0	0	0	0	0	0	0	0	0	0	0	0	0	0	0	0	0	0	0	0	0	0	0	23	0	0	0	0	0	0	0	0	0	0	0	0	0	0	0	0	0	0	0	0	0	1	0	0	0	0	0	0	0	0	0	0	0	0	5	0	0	0	0	0	0	0
OTU393	74	0	0	0	0	0	0	0	0	0	0	0	0	0	0	0	0	0	0	0	0	0	0	0	0	0	0	0	0	0	0	0	0	0	0	0	0	0	0	0	0	0	0	0	0	0	0	0	0	0	0	0	0	0	0	0	0	0	0	0	0	0	0	0	1	0	0	0	0	0	0	0	3	0	0	0	0	0	0	0	0	0	0	0	0	0	0	0	0	0
OTU394	0	0	0	0	0	0	0	0	0	0	0	0	0	0	0	0	0	0	0	0	0	0	0	0	0	0	0	0	0	0	0	0	0	0	0	0	0	0	0	0	0	0	0	0	0	107	0	0	0	0	0	0	0	0	0	0	0	0	0	0	0	0	0	0	0	0	0	0	0	0	0	0	0	0	0	0	0	0	0	0	0	0	0	0	0	0	0	0	0	0
OTU395	0	0	0	0	0	0	0	0	0	0	0	0	0	0	0	0	0	0	0	0	0	0	0	0	0	0	0	0	0	0	0	0	0	0	0	0	0	0	0	0	0	0	0	0	0	0	0	0	0	0	0	0	91	0	0	0	0	0	0	0	0	0	0	0	0	0	0	0	0	0	0	0	0	0	0	0	0	0	0	0	0	0	0	0	0	0	0	0	0	0
OTU396	0	0	0	0	0	0	0	0	1	0	0	0	0	10	4	9	0	0	2	0	1	2	0	0	0	0	2	0	1	0	0	0	0	0	0	1	0	0	0	0	0	0	0	0	3	0	0	0	0	0	0	0	0	0	0	0	0	0	0	0	34	9	0	0	11	0	0	0	0	1	0	0	0	0	0	1	0	0	0	3	0	0	0	0	0	1	0	0	0	0
OTU397	0	0	0	0	0	0	0	0	0	0	0	0	0	0	0	31	0	4	0	0	0	0	0	0	0	0	0	0	0	4	2	0	0	32	0	0	0	0	0	0	0	0	0	0	0	0	0	0	0	0	0	0	0	0	0	0	0	0	0	0	0	0	0	0	0	0	0	0	0	0	0	0	0	0	0	0	0	0	0	0	0	0	0	0	0	0	0	0	0	6
OTU398	0	0	0	0	0	0	0	0	0	0	0	0	0	0	0	0	0	0	0	0	0	0	0	0	2	0	0	0	0	0	0	0	0	0	0	0	0	0	0	0	0	0	0	0	1	0	0	0	31	0	62	0	0	0	0	0	0	0	0	0	0	0	0	0	0	0	0	0	0	0	0	0	15	0	0	0	0	0	0	0	0	0	0	0	0	0	0	0	0	0
OTU399	0	0	0	0	0	0	0	0	0	0	0	0	0	0	0	0	0	0	0	0	0	0	0	0	0	0	2	0	0	0	0	0	0	0	0	0	0	0	0	0	0	46	0	0	1	0	0	0	0	28	0	0	0	0	0	1	0	0	0	0	0	0	0	0	0	0	0	0	0	0	1	0	0	0	0	0	0	0	0	0	0	34	0	0	0	0	0	1	0	0
OTU400	0	0	0	0	0	0	0	0	0	0	0	0	4	0	0	0	0	0	0	0	0	0	0	0	0	0	0	0	4	0	23	0	0	0	0	0	0	0	0	5	6	0	0	0	0	0	0	0	0	2	0	0	0	6	0	0	0	0	0	0	0	0	0	0	0	0	8	0	0	1	3	0	0	0	0	0	0	0	0	0	0	0	0	1	0	0	0	0	0	0
OTU401	0	0	0	0	0	0	0	0	0	0	0	0	2	0	0	0	0	0	0	4	4	0	0	0	0	0	0	0	0	0	0	0	0	0	3	0	0	0	3	0	0	0	0	0	0	20	0	10	0	0	0	10	0	0	0	0	0	0	1	0	0	0	0	0	0	0	1	4	0	0	0	0	3	0	0	0	0	0	6	0	0	0	0	0	0	0	0	6	0	0
OTU402	0	0	0	0	0	0	0	0	0	0	0	3	0	0	0	0	0	1	0	0	1	0	0	0	0	0	0	0	0	0	0	0	0	1	0	9	0	0	37	0	0	1	0	0	0	0	0	0	0	0	0	0	0	0	0	0	1	0	7	0	0	0	0	0	0	0	0	0	0	0	0	0	0	1	0	0	0	0	0	1	0	1	2	0	0	0	20	0	0	0
OTU403	0	0	0	0	0	0	0	516	0	0	0	0	0	0	0	0	0	0	0	0	0	0	0	0	0	0	0	0	0	0	0	0	0	0	0	0	0	0	0	0	0	0	0	0	0	0	0	0	0	0	0	0	0	0	0	0	0	0	0	0	0	0	0	0	0	0	0	0	0	0	0	0	0	0	0	0	0	0	0	0	0	0	0	0	0	0	0	0	0	0
OTU404	0	0	0	0	0	0	0	0	0	0	0	0	0	12	0	0	0	0	0	1	4	0	0	0	0	0	4	0	0	0	0	0	0	0	0	1	0	0	0	2	1	2	0	0	2	0	0	1	3	2	7	2	0	0	0	1	0	0	0	0	0	0	1	3	0	0	0	3	1	0	0	0	0	0	3	0	0	0	1	0	0	0	0	0	1	9	0	0	0	0
OTU405	0	0	0	0	0	0	0	0	0	0	0	0	1	0	0	21	0	0	0	3	1	0	0	0	0	0	0	0	2	0	0	0	1	0	1	10	0	0	0	0	0	0	0	0	0	0	0	0	0	1	0	0	0	0	0	0	0	0	0	0	3	0	0	0	0	0	0	0	0	1	0	0	12	0	0	0	0	0	0	4	0	0	0	0	0	0	14	19	0	0
OTU406	0	0	0	0	0	0	0	0	0	0	0	0	0	0	0	30	0	0	0	0	0	0	0	1	0	0	0	0	0	0	0	0	0	0	0	0	0	0	0	0	0	0	0	0	0	0	0	0	0	0	0	0	0	0	0	0	0	0	0	0	0	0	0	0	0	0	0	0	0	0	0	0	0	0	0	0	0	0	0	0	0	0	0	0	0	0	0	0	0	0
OTU407	0	0	0	0	0	0	0	0	0	0	0	1	1	0	1	0	2	0	0	0	9	0	0	0	0	0	0	0	2	0	0	3	0	0	0	2	0	0	0	7	5	3	0	0	0	0	0	1	0	1	0	4	1	5	0	0	0	0	0	0	10	1	6	0	0	0	0	0	0	7	0	11	1	0	0	0	0	7	0	0	0	2	0	1	0	0	0	0	5	0
OTU408	0	0	0	0	0	0	0	0	0	0	0	0	9	0	0	0	0	0	0	0	0	1	0	0	5	0	0	0	16	0	0	0	156	0	0	121	0	0	0	1	1	67	2	0	0	360	0	0	1	33	0	0	0	0	0	0	0	0	0	12	0	406	0	0	1	75	0	0	0	44	0	0	54	0	0	0	0	1	0	43	0	58	0	0	0	0	0	1	4	1321
OTU409	0	0	0	0	0	0	0	0	0	0	0	3	2	0	0	0	0	0	0	2	0	0	0	2	0	0	0	0	0	0	0	0	0	0	0	1	0	0	0	0	0	0	0	0	0	0	0	26	0	0	0	3	2	1	0	0	0	0	0	3	0	6	1	0	0	0	0	0	6	4	0	0	19	0	0	0	0	0	0	0	0	0	0	0	0	0	0	3	0	0
OTU410	0	0	0	0	0	0	0	0	0	0	0	0	0	0	0	0	0	0	0	0	12	0	0	0	0	0	0	0	0	0	0	0	0	0	0	0	0	0	0	0	0	0	0	0	0	0	0	0	36	0	46	0	0	0	0	0	0	0	0	0	0	0	0	0	0	0	0	0	0	0	0	0	1	0	0	0	0	0	0	0	0	0	0	0	0	0	0	0	0	0
OTU411	0	0	0	0	0	0	0	0	0	0	0	0	0	0	0	0	0	0	0	0	0	0	0	0	0	0	0	0	0	0	0	0	0	0	0	0	0	0	0	0	0	17	0	0	0	0	0	0	0	22	0	0	0	0	0	0	0	0	0	0	0	0	0	0	0	0	0	0	0	0	0	0	5	0	0	0	0	0	0	0	0	24	0	0	0	0	0	0	0	0
OTU412	0	1	0	0	0	0	0	0	4	0	0	1	0	0	0	0	0	0	0	15	0	0	0	0	0	0	0	0	0	0	10	0	0	0	0	19	0	0	0	98	62	5	0	0	0	0	0	613	2	1	11	0	0	62	0	0	0	0	0	21	0	0	0	0	0	0	0	0	0	0	0	0	2	0	0	0	0	0	0	0	0	2	0	0	0	0	0	0	0	173
OTU413	0	0	0	0	0	0	9	0	0	0	0	4	1	1	0	2	0	1	0	8	10	0	0	0	0	0	2	0	1	0	0	0	0	1	0	2	0	0	0	0	2	2	0	0	1	0	0	2	0	1	1	0	9	1	0	2	1	0	0	3	0	0	0	0	0	0	0	0	0	5	0	0	0	2	0	10	6	0	0	0	0	6	2	1	0	0	0	0	0	6
OTU414	0	0	0	0	0	0	26	0	0	0	0	0	0	0	0	0	0	0	0	0	0	0	0	14	0	0	0	0	0	0	0	0	0	0	0	0	0	0	0	0	0	0	0	0	0	0	0	0	0	0	0	0	0	0	0	0	0	0	0	0	0	0	0	0	0	0	0	0	6	0	0	0	0	0	0	32	27	0	0	0	0	0	0	0	0	0	0	0	0	0
OTU415	0	0	0	0	0	0	4	0	0	0	0	0	0	0	1	0	0	0	0	0	0	0	0	0	23	2	0	0	0	0	0	0	0	0	0	1	0	0	0	19	19	0	0	0	10	0	0	0	0	0	0	0	0	6	1	0	0	0	0	0	0	0	1	6	0	0	0	0	0	0	0	0	2	0	1	4	0	0	0	0	0	1	0	0	5	0	0	0	5	0
OTU416	0	0	0	0	0	0	0	0	0	0	0	8	0	7	0	0	0	0	0	0	0	0	0	0	23	0	4	0	0	0	0	0	0	0	0	0	0	0	0	0	0	0	0	1	5	0	0	0	1	0	4	0	5	2	7	6	2	0	0	0	0	1	0	0	0	0	0	0	6	0	0	0	0	0	0	0	0	0	0	0	0	0	2	0	9	14	0	0	0	0
OTU417	0	0	0	0	0	0	1	0	0	1	0	0	2	0	0	2	0	3	0	0	1	3	3	0	0	0	0	0	50	0	0	4	2	1	0	1	0	0	0	0	2	5	10	0	0	9	0	15	3	1	2	8	0	7	0	3	0	0	0	4	3	9	0	0	0	0	0	0	0	26	0	0	0	0	0	1	0	0	0	2	0	5	3	0	0	0	0	0	0	3
OTU418	0	0	12	0	0	38	0	1	0	0	0	0	0	0	0	0	0	0	0	0	5	0	0	0	0	0	0	0	0	2	0	0	0	0	0	0	0	0	2	0	0	1	0	0	0	0	0	1	0	0	0	0	2	0	0	0	0	0	0	0	3	0	0	0	0	0	0	0	0	3	0	0	1	0	0	0	0	2	0	0	0	0	0	0	0	2	5	1	3	0
OTU419	0	0	0	0	0	0	0	0	0	0	1	0	3	0	0	0	5	4	0	1	2	0	0	0	2	8	3	1	4	0	0	3	1	0	0	1	1	0	0	15	12	1	0	0	2	0	0	3	1	4	5	22	0	5	1	0	0	0	1	5	0	4	0	1	3	21	1	0	0	8	0	1	3	2	5	0	2	2	0	9	0	1	2	1	0	0	0	1	12	2
OTU420	0	0	0	0	0	0	0	0	0	0	0	0	0	0	0	0	0	0	0	0	1	0	0	0	0	0	0	0	1	0	0	19	1	0	0	7	0	0	6	0	0	3	0	0	0	1	0	1	0	3	0	5	0	0	0	0	0	0	0	0	0	0	0	0	0	0	0	0	0	0	0	0	5	0	0	0	0	0	0	4	0	7	0	0	0	0	0	2	0	0
OTU421	0	0	0	0	0	0	1	0	0	0	0	0	0	0	0	0	0	0	0	0	0	0	0	0	0	0	2	0	0	0	0	0	0	0	0	0	0	0	1	0	0	0	0	0	0	0	2	1	3	0	8	0	0	0	0	0	0	0	0	0	0	0	0	11	0	0	1	0	0	0	0	0	0	1	0	0	1	0	0	0	0	0	0	0	24	0	0	0	0	0
OTU422	0	0	0	0	0	0	0	0	0	0	0	0	0	0	0	0	0	0	0	0	0	0	0	0	0	0	0	0	0	0	0	0	0	0	0	0	0	0	0	0	0	0	0	0	0	0	0	60	0	0	0	0	0	0	0	0	0	0	0	0	0	0	5	0	0	0	0	0	0	0	0	0	0	0	0	0	0	0	0	0	0	0	0	0	0	0	0	0	0	0
OTU423	0	0	0	0	0	0	0	0	0	0	0	0	0	0	0	0	3	0	0	0	0	0	0	0	0	0	0	0	0	0	0	0	0	0	0	0	0	0	0	1	0	10	1	0	0	0	0	0	0	8	0	0	0	0	0	0	0	0	0	9	0	3	0	0	0	0	0	0	0	2	0	7	0	0	0	1	0	18	0	0	0	7	0	0	0	0	0	0	2	0
